5
1990
1236 139 1353 1583 316 313 724 286 1056 1946 1564 230 1976 874 1376 362 1063 969 1290 721 676 1898 1278 30 222 335 1940 661 955 659 1261 713 181 1912 404 1630 175 213 97 1877 1209 177 1789 1366 586 1305 1363 217 1619 1129 141 241 1009 743 951 850 1414 711 1602 1112 1515 701 644 758 1199 945 1917 1301 1285 192 997 1688 1048 723 26 387 1431 293 1923 828 1806 1388 764 1526 1775 1357 1013 613 257 1664 1250 160 14 348 1900 1435 73 1467 40 481 1045 442 1314 860 1405 528 1987 1786 1378 1028 1646 891 378 464 68 1419 785 1308 1653 715 1077 1973 1472 519 870 445 531 349 1816 663 1610 1336 737 1370 1177 1843 1839 1221 1191 1510 1705 438 1280 1523 873 1706 1291 1676 1327 562 1964 1647 1794 1984 610 875 303 1163 334 1340 579 1513 1341 58 1875 191 204 674 159 1398 608 1608 1433 1476 1364 485 750 308 1303 1590 956 373 1214 1609 1339 1010 212 581 950 600 63 401 566 480 545 19 1022 1703 420 564 1014 1905 1084 1953 1239 784 629 1880 818 808 1439 146 1588 1269 95 668 1242 124 1865 1367 1885 604 772 736 1835 1137 917 1198 1155 506 1960 1026 958 1916 11 1711 1131 775 1275 1699 1535 1605 456 65 1466 942 311 889 1827 1477 1937 1985 1593 1418 933 2 694 1832 518 1264 1744 767 1636 90 173 137 1497 1873 133 167 924 1730 710 402 844 705 289 1106 403 1618 1597 1205 754 43 415 470 477 1594 125 455 1881 1854 1350 1848 827 533 260 507 1095 1016 1281 1967 776 1406 648 1615 1657 1876 394 1616 1759 1085 134 1360 1181 1346 1559 1924 1624 717 1751 963 1039 105 1475 852 1333 1390 796 1538 376 1296 71 498 185 1246 140 1454 352 182 1238 616 1234 1781 126 367 1743 1638 1217 1569 1710 1823 1821 1403 169 1831 1099 346 1392 1580 1532 434 1668 1700 1501 1176 406 1110 471 1136 1428 1069 338 1894 771 929 636 184 1243 1215 1687 263 1598 1502 585 1943 594 793 103 1368 110 794 1852 395 730 792 1088 960 1965 45 919 129 256 1857 318 749 1739 168 1220 1455 1108 990 37 354 27 50 1761 1802 194 1817 1263 1735 1138 82 1989 283 1933 1 867 789 1573 267 1192 1149 560 1527 1092 836 1049 647 903 936 1186 747 274 1219 1949 1787 501 1910 22 952 810 635 1080 814 640 829 305 578 1068 1889 1891 1851 1611 1222 1718 680 1097 768 1146 930 849 667 1858 995 1716 417 800 344 856 1047 221 200 538 598 1005 954 1803 1257 691 1893 1955 1116 731 374 1351 186 460 1508 120 383 198 1445 1025 1266 361 142 1015 1247 702 751 1640 841 1231 276 180 688 1796 1113 821 1682 788 472 1828 805 1109 327 921 1634 913 170 1375 689 1779 233 1505 490 1384 439 803 86 1226 294 820 39 216 1804 326 1578 732 1701 741 449 553 1143 840 719 1118 1920 1343 10 1299 1438 1553 1394 619 618 830 537 1464 1592 887 1430 1863 96 699 833 1292 400 883 55 1629 615 1656 1774 1726 285 1167 343 1901 183 330 1004 606 1868 365 1196 1579 1111 1565 1922 1574 1260 1453 1714 851 336 735 1545 1525 779 1812 957 118 1731 377 321 1166 93 1054 1604 1073 1556 911 1930 1161 1966 733 1070 671 1841 630 457 350 505 1567 370 203 151 753 1582 1170 1295 1554 92 1862 1980 1522 515 697 1918 673 158 1457 876 511 1855 1098 1603 1649 1139 1661 1270 1887 355 454 382 42 393 1909 1815 1925 908 80 245 1671 790 1053 646 1423 825 1833 832 1255 824 879 521 1468 1867 419 1318 965 1211 1395 1695 475 1914 1289 509 1540 1533 1372 1639 1421 627 1892 939 959 36 1249 1745 1971 1061 1134 461 329 1332 1294 524 577 778 530 115 306 35 591 1778 486 54 720 193 1499 612 1529 451 1003 315 1810 396 938 357 119 1651 726 1840 1756 205 1179 1770 1287 1148 1027 1212 811 372 1240 161 991 88 651 1813 822 1331 1614 323 1465 459 804 1002 436 69 1979 968 877 218 1307 1755 1180 16 880 690 1117 1427 866 986 1309 1886 171 1805 621 178 1793 534 1613 1300 1669 1694 1549 1206 1020 1888 1267 1874 1456 653 544 1082 150 1448 1479 755 596 1506 1412 1704 250 666 33 489 569 1052 1386 885 1391 948 290 116 1723 1316 1000 1622 902 59 641 1673 1963 1906 512 1568 411 1961 1601 756 1767 179 74 1584 838 504 488 915 708 1171 1447 700 29 1344 1970 269 1736 1262 268 291 937 589 1919 156 677 652 556 901 639 494 20 162 1667 1678 1029 662 466 238 1174 554 8 567 858 602 143 75 1183 240 1496 650 1928 491 882 1962 765 897 385 1424 266 1055 1978 1809 277 320 1766 526 1330 1302 302 1050 176 679 1115 47 1012 62 532 1471 1509 683 1752 739 783 1871 1382 1089 287 1037 135 1689 409 1632 1662 1801 484 265 208 1808 632 1927 502 492 672 977 550 742 707 493 678 21 1627 1542 1271 467 1233 712 1352 859 1654 1032 1503 729 1769 224 1041 536 366 215 310 1268 1807 255 431 984 983 41 423 587 207 614 888 1443 1819 32 842 1566 1490 1494 525 1230 1956 1142 333 601 593 539 84 1631 1713 574 1128 823 1223 34 1229 1381 447 1776 1652 384 777 895 1557 543 416 1547 1019 584 128 496 1495 1968 196 1284 399 487 695 1197 941 1396 429 1244 572 1725 458 1315 718 463 1872 609 322 1988 270 452 1365 1103 1035 565 1692 655 1675 1650 927 597 1432 1765 947 1195 237 1932 1746 1948 1581 1860 1319 56 1034 563 1442 714 922 1162 1846 763 448 1942 1698 1945 149 706 1486 147 551 962 1780 1168 795 980 24 1377 72 926 1897 66 1596 862 654 548 1670 479 559 317 1023 884 971 1907 9 117 1516 1482 967 819 682 153 1512 246 837 1555 546 1904 225 1311 1591 301 1237 1075 127 617 219 1585 1156 854 1625 1902 1224 1399 314 1990 46 1362 1141 60 1011 172 364 899 998 157 1317 1083 1410 446 1498 1470 1729 428 826 1518 6 1826 1544 1204 1437 1866 1147 195 1788 1488 1018 1188 943 468 935 1140 693 1232 665 1312 1684 4 1446 497 1939 1194 979 787 561 582 1120 1899 1519 1074 38 1677 53 781 1983 575 1612 1981 242 1100 262 1757 1702 1081 643 1531 625 1397 1422 1850 770 1169 540 1658 1440 1253 898 855 1151 174 1524 904 131 1152 1672 1452 430 380 1969 620 1040 1720 1273 1207 839 725 1870 108 1691 1413 324 1164 1772 1380 799 414 1185 28 1790 1941 1762 1200 1393 976 631 835 1947 1361 1415 869 541 1938 1606 78 704 1213 932 1461 1485 300 107 102 1782 503 1093 1861 1563 1950 392 163 1182 413 275 892 1119 1665 1478 1060 1293 307 656 1550 1160 782 760 132 328 1125 243 1830 360 1036 1484 547 1683 109 570 664 1957 148 972 709 638 432 49 1834 18 1033 1086 944 319 1329 359 1543 890 234 1105 1051 1325 5 356 435 1763 1882 1355 1369 1208 834 1276 410 1811 347 1425 813 123 1057 797 633 934 1404 573 1058 482 1697 1402 1785 1102 886 857 1334 1635 25 1201 1934 209 516 1895 522 1184 1202 450 363 1575 580 1561 871 259 77 1235 1645 1178 988 1323 681 773 1845 762 1282 1648 339 1773 1123 465 812 868 1507 1408 1254 583 1663 1814 1800 1864 703 1570 1251 1090 961 258 1708 309 1288 716 807 1304 48 1248 745 1107 1059 437 1637 1173 292 1407 1777 1306 1283 1483 1741 910 1127 966 440 1328 379 433 1958 1043 443 1982 51 1552 201 1884 298 397 369 1337 425 607 1620 605 101 1135 1064 1771 249 375 15 588 1915 1067 1400 1145 847 1252 70 1727 1383 1265 1599 1560 1144 931 98 1153 248 408 130 798 1460 391 592 517 189 44 1528 1896 1066 199 520 1008 421 1633 244 527 1133 1644 802 1883 740 12 1548 1587 1869 914 1659 1641 1298 121 949 863 1764 202 1256 555 1715 557 1655 1758 1132 197 989 7 1216 231 981 89 1322 1079 1722 113 1838 786 831 817 514 1859 1674 684 91 878 746 1071 144 1849 1096 1387 1972 114 386 1426 985 1417 239 1642 389 1820 692 728 345 388 1348 1434 371 1347 881 1824 1707 864 1342 247 154 1911 279 1297 1879 920 1091 993 304 1411 312 1747 1030 1750 1130 734 1124 657 1491 1679 1044 626 1326 791 1279 1121 228 624 916 1952 1728 1890 427 476 1072 227 331 1709 1717 549 1227 1441 1795 1065 1975 1436 1537 727 1719 1046 675 595 390 351 964 843 1154 61 1791 261 1607 1225 590 398 953 722 568 872 1783 1193 1126 3 1157 353 912 1473 865 1903 974 1245 999 190 223 978 1693 407 210 31 1474 1481 623 1373 1451 1576 188 1356 669 340 1686 1589 111 738 499 500 441 112 1313 801 1977 1038 1521 325 571 138 1371 412 236 1571 649 1122 1345 900 1732 1114 1374 136 453 281 1799 145 1562 698 23 214 766 1628 296 1389 1320 1740 1681 1385 1577 81 1853 769 1480 282 1536 1921 280 342 1617 1856 1666 164 1272 940 815 332 1685 1277 478 1042 893 1724 1842 264 634 424 1487 1159 1749 381 909 1324 918 1935 1951 982 1696 1379 278 1450 469 1539 1076 271 510 975 83 611 973 1600 1349 206 1172 252 523 284 211 1416 1218 122 1690 853 928 358 1551 1784 272 628 513 1768 925 906 752 992 1738 603 235 1931 341 1520 1187 845 64 1228 187 1001 76 1409 1321 1572 552 761 1504 1511 861 599 1643 1541 994 444 251 846 637 1175 79 1310 17 85 1017 155 622 946 696 1837 1586 809 1797 1203 1469 152 774 220 1974 94 1062 495 1101 1449 905 1748 907 253 1936 57 1241 848 996 1458 1104 1259 165 1007 273 1926 1908 660 1721 1094 232 1742 1680 418 1822 473 1825 1530 1753 1798 1836 13 1558 780 1189 99 1878 1847 1733 542 748 1754 52 1626 1429 1210 1444 1712 1734 1844 229 422 686 1274 1621 226 1929 1737 508 1489 1420 295 1459 1944 1660 1354 645 1078 1150 1514 558 299 816 106 1534 166 576 337 658 1158 1359 1258 1031 670 1986 923 1190 535 1335 1913 1517 1760 462 744 1595 1546 1006 1021 1492 685 87 1024 1462 104 1338 894 1500 1623 1493 1165 1959 1286 1358 642 1463 254 1818 483 368 100 288 1954 759 1829 757 426 687 987 1792 970 1401 405 67 529 806 896 474 1087 297 
1960
1866 153 1061 66 1850 686 1021 1040 386 1512 503 1701 724 1782 1783 1815 3 601 1037 346 1608 1680 1125 255 987 385 1200 591 1300 738 1373 274 1694 1510 38 1592 848 1757 1477 984 1194 794 1675 992 876 250 221 178 329 678 826 1909 1142 1771 731 955 764 1878 1955 486 1709 1627 278 1951 1051 497 1508 172 941 1257 472 1562 1503 1247 121 979 280 1660 1486 1925 1166 1424 118 1730 1524 167 634 1922 840 575 757 549 576 1899 23 192 958 1115 873 1775 451 1534 144 1522 1387 16 1935 677 1017 1657 772 1152 850 1945 1479 368 608 1235 1614 256 82 481 1871 1727 84 177 1101 130 1389 245 659 231 9 1171 898 56 586 1151 30 1580 1713 827 1700 1432 1161 993 740 1602 94 511 1854 1720 1271 544 27 907 1370 1497 1491 1872 311 450 244 444 734 1825 212 688 792 513 79 268 587 785 597 616 1174 176 1885 1625 985 229 756 404 435 41 1860 1785 1180 1057 58 782 1317 307 437 633 1918 1237 604 1633 1163 1667 1685 1489 1943 1392 1412 25 1704 43 571 1495 1555 788 679 1362 1858 1414 1848 703 1509 835 505 401 1422 1834 357 87 1110 342 438 913 609 1664 1002 1056 1908 399 662 1639 1275 1081 1774 1390 1398 303 904 1919 1293 865 728 1707 1637 974 882 377 747 1453 1937 1334 415 1699 727 322 589 1648 564 1867 331 112 1847 313 795 1078 52 1131 1143 7 1093 362 1282 32 646 190 1760 152 1401 1245 884 894 148 1864 1391 736 53 484 789 594 296 1881 623 717 1304 338 1777 1813 372 852 624 975 1902 185 1719 1266 1603 1336 1591 582 361 193 514 1915 1926 815 1029 1807 521 348 62 1404 1930 945 995 1913 988 837 1179 1338 1280 453 1473 11 948 197 1697 860 1551 306 1936 1067 966 1598 276 1789 316 1071 1046 1744 999 1655 818 615 315 327 1647 1027 1810 708 563 1365 1433 828 1047 1096 1678 103 842 264 1041 1852 1755 1121 1204 1589 680 1139 1138 1269 1355 843 1751 1615 1474 1723 667 74 1488 13 1356 1618 1232 50 726 1229 1714 937 606 1146 711 110 1219 568 1643 1548 648 1706 654 1956 1703 981 1062 1159 1254 248 1924 617 1064 770 930 83 216 1725 1729 793 1770 1103 1043 1184 1716 878 1839 175 1460 10 344 533 93 163 188 1325 870 1367 1607 1116 1544 1221 855 1372 620 237 156 1342 641 1134 419 639 1585 1154 925 1772 693 1393 1087 1511 611 411 1521 321 333 725 134 1758 1653 234 36 858 666 376 1444 682 267 1231 1241 312 20 1484 1877 1019 1531 970 366 508 672 1478 1170 397 705 391 1797 1225 1153 1106 715 1612 730 1168 1669 897 474 1289 868 308 108 1272 1546 1347 1462 265 722 1155 1571 1255 91 1628 146 863 1288 834 1210 1034 742 1801 896 106 1753 1276 1234 1065 462 1409 1819 658 1291 880 1431 1132 909 1296 1109 1837 174 1286 1042 198 763 1467 664 1886 1954 1624 1261 755 1223 944 496 504 700 1865 1756 1377 584 892 977 291 498 1920 1264 844 395 1048 1425 1461 1097 621 559 830 409 1721 886 627 516 637 1705 585 57 643 1301 630 1227 833 1251 1158 525 1118 1917 168 1405 1632 120 1948 129 1717 1079 567 439 706 619 1767 1677 1450 766 1256 1949 44 1843 1252 379 1947 1676 751 1013 206 1541 1413 317 334 1183 398 653 871 1569 1916 132 934 642 903 73 581 1297 1889 673 423 1644 893 1502 1463 1597 1361 1732 64 845 1493 1741 181 1024 1601 371 733 253 1214 473 1049 186 1088 1934 122 1400 252 973 890 685 277 1806 400 270 1354 218 1311 1344 723 1645 1397 232 1243 104 804 1368 128 836 314 935 668 605 1417 243 1274 1343 1635 1792 1470 1371 1740 1292 1233 1604 644 384 1504 442 1402 1482 1765 1617 1281 100 1582 1378 360 1330 1199 236 1306 1394 1959 622 969 1533 29 1268 1357 663 1805 1822 402 538 1946 921 1364 1574 489 335 240 1754 1619 1800 1312 1711 839 1577 459 595 1320 28 1737 1768 1459 1748 480 238 814 574 1747 1851 565 1089 1593 448 1662 467 696 877 1623 767 524 1692 647 155 1905 487 1821 420 445 227 1408 532 762 518 320 1734 194 802 1140 542 922 1817 452 1016 1796 1841 1321 1173 1035 862 1661 1416 1386 1323 466 1423 1105 1403 649 1565 49 165 1090 704 502 900 1745 1938 709 1240 1084 403 1890 1066 561 1014 1331 1650 1781 1583 309 332 1265 370 1728 1164 983 180 1449 702 1674 1735 1076 125 1419 1610 529 698 1421 220 519 154 1083 1070 1026 1891 1564 499 1133 355 294 1451 776 300 406 692 797 1375 424 61 1466 1188 1187 809 959 410 209 170 341 1759 650 1012 507 545 1506 1654 1793 1169 550 1550 1299 1316 671 1952 1686 1082 1836 778 413 119 22 138 76 353 47 1931 408 864 363 1190 1063 701 786 1532 1814 33 665 1004 319 520 851 1844 1912 1786 926 263 21 436 570 735 938 1119 1558 1430 196 1098 1631 1242 1010 149 638 251 427 1130 465 910 1113 392 1561 1894 1505 1290 426 506 1501 440 1507 1 600 1388 390 1358 1941 829 1167 1752 625 1523 1395 325 494 166 614 373 443 1117 1185 1059 271 1957 1209 1305 1689 288 1663 1933 428 1823 67 918 1208 434 1248 501 1808 779 1193 531 891 1322 631 1126 1177 1137 1038 949 805 1868 233 113 629 841 1380 799 1406 1552 19 1776 89 1746 374 1383 202 239 1112 1032 914 98 1440 259 656 70 962 127 1873 991 223 26 1072 908 1085 389 1842 1369 422 714 1870 1914 1566 1379 101 972 1859 59 441 847 1244 817 476 95 1181 88 1381 1630 777 1816 191 158 753 54 1009 1328 1000 421 161 566 1893 204 5 339 387 1586 998 1104 207 1888 750 551 1259 1715 1939 147 811 1496 195 1927 414 588 1124 548 1250 6 1218 749 676 1527 1536 670 211 1750 179 417 530 976 1442 768 310 1559 1385 226 266 1127 912 1830 1374 1236 1384 464 1600 1590 577 660 853 857 1545 1932 539 1845 1529 1587 1804 1095 1861 173 159 1530 336 1418 546 573 326 1953 1471 429 951 1352 1324 887 299 187 754 17 718 1436 1907 1542 230 872 732 1666 875 135 1923 1150 205 1773 1950 1211 63 1855 1186 1897 15 556 592 1764 681 1022 1809 744 716 1621 1003 1310 1203 12 261 369 580 509 183 1287 275 447 721 1658 1642 258 169 825 1862 1249 1439 831 527 1900 455 1189 18 42 1738 340 895 283 695 123 737 856 640 367 956 1445 1075 1202 968 1253 380 1515 1749 136 1207 1853 364 780 381 92 137 1553 1359 1671 719 1651 1812 1682 1798 1595 1246 707 1811 1476 1698 1790 34 1309 547 1094 1584 1646 46 523 583 1613 285 1726 150 1415 1226 919 1681 1120 1629 1840 916 771 1217 475 1742 457 72 1513 1611 810 1350 37 1560 164 460 752 928 139 555 1708 1736 1787 1638 1285 105 1283 55 446 405 126 131 1216 1215 691 1108 345 1538 1528 68 1498 1036 1910 1838 323 657 301 590 151 822 1129 769 1428 739 626 97 1535 1456 1679 1441 618 1688 1366 783 943 295 1762 1420 225 651 302 942 1784 286 140 378 1411 879 808 1446 950 1469 81 1007 210 1332 491 1149 454 613 1045 961 1327 1100 86 281 1033 228 1123 1649 952 883 813 902 674 652 1284 1906 1363 141 866 352 947 407 1270 1294 924 60 1156 1052 1191 1136 759 1005 433 881 1220 1581 1526 535 213 1326 1543 99 1665 1006 477 269 994 971 1077 157 318 713 85 1904 1554 1443 543 1457 911 109 1826 449 528 929 461 1827 554 1588 920 203 1794 1023 254 1901 1201 1099 1437 273 272 1307 1895 1549 1092 1690 1659 1605 1198 1468 1684 927 242 1485 208 1348 578 522 1494 569 787 77 470 1308 986 1176 1892 337 51 1407 579 1313 171 1824 1887 160 953 488 1525 885 1609 35 980 773 933 1472 1399 162 1018 1882 493 1438 1483 469 412 1896 1279 936 1652 14 1114 1277 365 117 940 541 1539 1319 1434 114 1340 184 628 1273 712 1481 4 328 383 48 1832 1346 388 1668 1556 1060 90 1683 1050 796 1960 246 1857 1672 888 1454 393 1315 396 558 745 982 1102 931 689 761 932 1135 1634 1068 729 1345 1724 350 803 495 697 39 201 1828 1458 675 463 1480 482 607 758 1337 515 479 215 241 1262 1575 492 1263 1008 669 1230 1239 40 1141 75 1448 960 1147 324 1314 765 861 425 824 1341 869 1884 1426 602 798 1175 1599 510 124 1465 965 358 1883 1295 901 1302 596 1702 1172 748 560 1876 1570 293 1929 1788 1874 1128 694 1921 304 655 142 964 741 115 343 1258 199 359 1622 102 800 182 257 1058 1382 1028 1712 468 1224 500 1780 774 1731 1640 874 1020 354 923 1940 526 1718 849 1160 635 859 189 967 1429 287 375 1820 262 791 1148 1335 838 1080 1452 1620 1572 899 24 1111 1091 1696 1212 819 418 1567 490 143 1298 1928 1196 1691 1517 939 247 1213 781 846 1898 1011 1766 96 1205 1568 1499 816 1162 661 1500 552 1743 905 1869 1958 456 65 8 1178 1054 1267 1911 854 1025 1641 1492 536 699 382 349 458 683 599 1303 1579 1739 1791 710 1594 801 1086 1222 1396 478 1318 1778 1157 1693 1519 1626 1863 743 78 1687 807 1376 996 806 1547 1606 997 279 517 356 598 351 1799 610 1122 632 889 1616 282 2 217 145 1779 235 946 1944 1192 1673 821 1829 1879 1039 867 1557 284 431 1260 1875 1514 593 989 219 612 906 1475 260 347 1464 557 1144 1818 1722 432 1763 1074 1349 954 1833 1710 1107 1490 572 1761 534 290 1353 1195 107 394 636 1576 289 832 537 80 1880 690 1055 820 1803 512 978 1831 69 249 760 917 684 963 1670 823 1516 1656 1069 915 1733 214 1329 746 645 292 297 1540 1487 1802 790 1563 1849 1228 1206 1333 1903 31 116 1447 305 416 430 1435 1769 1182 1518 111 1351 1596 1636 1695 562 687 553 471 483 1031 1427 1165 720 224 1410 1197 1044 1578 812 957 1835 1339 1278 1030 1360 1942 1520 603 540 1073 784 775 45 485 298 71 1015 330 1455 1053 200 1238 1573 222 1537 1795 1856 1001 990 1846 1145 133 
1971
475 1085 565 1402 1340 271 273 1312 513 1405 464 1717 1895 689 1797 948 1073 559 529 569 252 337 1474 969 1134 1485 522 1216 1059 838 409 156 935 551 1412 1050 1587 1384 1468 1775 356 616 533 1661 1117 1789 701 1336 115 1959 1113 1189 1931 1856 1811 1172 1098 1170 1947 1639 1493 1230 1699 965 1736 1810 399 1146 840 258 1347 424 307 368 1492 1137 739 458 863 1842 905 1081 1899 289 1115 120 406 1874 1886 804 1157 1187 1039 338 194 90 910 1147 649 1551 1318 1662 1445 574 1022 659 598 1618 1222 91 1053 264 939 1167 1762 1834 224 1910 1143 1958 1404 1620 4 317 860 1507 1773 1826 1042 1299 1069 1559 265 1633 260 1805 169 505 256 1897 1365 668 956 1080 197 652 200 1855 1364 610 771 412 1092 1396 1562 654 1032 1766 571 886 1105 1949 1510 233 148 310 1248 204 1359 352 1629 605 1218 1803 219 111 597 1150 775 226 1271 633 922 777 1742 1414 989 48 850 828 315 1268 908 1159 254 1328 1576 545 59 235 879 1419 1161 56 1010 977 84 999 1177 218 573 418 1721 314 1234 1722 1054 1158 1471 837 242 822 1759 304 851 710 1489 70 1219 1725 1345 1002 871 1846 137 1804 848 1060 1164 546 1040 1802 1509 220 451 981 920 890 1760 192 1749 262 1628 637 1448 831 1227 1023 1356 1801 1114 414 1621 1787 825 1103 1851 1379 1823 1378 1426 31 263 757 883 1125 1454 1938 316 448 13 428 1837 309 323 1375 1386 1741 286 1815 367 725 1310 1035 1650 52 434 1792 1676 1942 754 5 1394 1106 1757 579 507 873 762 1128 1794 44 682 1274 845 386 1021 1588 118 1772 1101 1552 517 150 1393 1941 912 713 742 155 37 1460 727 1011 1627 274 1806 1691 737 221 500 446 62 488 381 1516 1120 1440 589 292 1675 1710 695 300 1613 669 1836 795 1051 28 779 1410 1901 1385 1677 117 1513 109 1062 195 60 1783 1924 1086 1057 1342 7 1408 1854 570 985 1531 665 1563 1173 444 268 1573 42 530 549 131 1377 1679 419 1817 730 686 526 1782 1409 958 1495 270 907 36 954 346 953 679 1545 1429 1423 932 21 1840 1723 711 86 913 1693 1657 586 167 931 1181 415 635 734 1390 1861 436 1466 1435 1967 413 1094 1799 1009 1770 481 532 1584 223 144 377 770 1478 880 975 523 1175 601 843 1005 123 1505 1353 1939 1145 560 188 1560 1180 642 1853 1830 78 1149 1434 1315 950 1671 261 834 876 334 781 556 641 1604 1630 203 554 384 1208 755 1670 1302 653 394 844 596 923 724 1751 1955 350 1225 539 1785 422 302 784 515 1930 477 82 490 1016 821 1056 1774 1665 538 401 1366 443 949 630 836 564 1659 1638 1610 648 640 1131 1928 1778 134 702 696 746 1298 1807 1755 1204 1522 1294 85 1887 772 1321 1129 141 1883 1034 842 178 1095 1369 692 145 1343 370 388 858 331 1503 67 900 732 2 944 492 1501 1467 227 1334 1556 172 216 321 813 246 301 1734 440 46 854 1194 1256 1506 1255 862 1486 820 214 501 524 1406 1935 467 1066 951 699 1176 1765 1549 322 1237 508 1313 796 259 1539 660 1727 1209 371 19 93 472 1685 1008 1625 480 341 1698 764 1893 405 387 967 1908 540 1108 410 1019 715 622 1520 437 856 1728 986 811 982 998 1024 465 225 1361 1695 1694 1971 1217 1878 1031 1752 1700 360 607 1323 1123 1432 1649 1153 433 638 627 1464 1585 1142 719 1915 375 1547 1349 179 1470 1934 74 646 1240 1220 767 1392 1067 1064 362 1616 803 193 1758 590 547 484 471 1048 1568 1335 347 1571 102 1945 1093 38 790 1658 1701 791 643 1459 1111 639 849 783 185 815 299 747 332 355 173 1285 1420 979 892 1346 1667 69 1880 809 1374 1295 181 72 604 1403 1687 1523 106 1877 947 1155 485 1511 577 1254 213 808 1245 933 1283 1229 1868 877 1351 1494 43 288 1594 1796 748 1276 241 519 618 1122 73 972 1550 867 1756 983 1421 1713 1262 512 1171 306 1381 1322 628 1000 707 889 1275 1876 79 885 198 1415 128 1524 964 351 1809 1579 1824 787 143 1597 339 1154 229 1548 113 1648 1339 1239 1112 1678 47 997 650 15 1914 1479 658 1264 1718 503 1416 1483 207 1473 1847 1253 184 984 385 1917 1879 1925 162 311 239 940 685 1761 1178 1297 929 793 666 209 1743 1936 1885 978 703 1681 1867 1626 1472 582 45 684 799 447 243 575 615 937 1025 1919 632 100 1280 431 691 279 206 1859 1644 1614 802 63 904 1288 606 1469 823 894 810 1566 1822 295 884 608 1790 1858 859 25 266 1444 609 853 497 797 1946 1165 1554 1407 26 470 562 426 773 324 1174 51 818 1898 936 634 132 189 395 1508 182 826 738 681 1632 1491 812 1577 514 445 129 1808 429 112 1746 24 95 1964 1185 166 325 706 1598 1869 1593 1168 1287 1540 899 208 855 1015 1257 393 1241 769 1966 407 382 398 1791 563 1049 1286 1668 359 1461 1135 852 1481 97 495 592 163 1462 1076 121 511 1282 1894 752 1325 285 119 594 1863 535 1923 232 17 1475 1033 1922 1937 361 1903 1707 698 1601 687 1969 621 827 1702 1104 345 1348 459 1368 40 454 1205 1391 664 1733 1037 550 1047 487 330 520 1820 1273 269 1948 1301 425 1680 1044 231 593 1331 1709 729 1148 1428 1845 1063 283 1786 1514 14 320 1303 906 1497 392 1014 35 1911 365 1291 1690 1753 745 18 819 1528 1673 1682 99 253 1162 396 619 1195 1599 624 483 1600 1664 296 1574 1259 1203 1132 1843 125 728 1387 733 493 527 1070 1952 1184 1819 1652 55 496 1793 1213 1871 1333 980 662 960 479 722 1041 1696 847 690 1327 911 1071 1452 1411 1655 1089 1737 1382 1686 1436 903 846 1570 945 456 1422 298 1617 1427 753 284 1463 542 1909 1527 1119 1238 946 1182 1360 1555 23 1269 934 372 916 1642 349 326 509 1151 1198 303 127 1265 1446 801 1004 700 709 902 180 645 29 379 77 865 89 146 521 814 1074 1163 1844 165 1882 1781 1724 558 613 378 238 348 1045 1304 358 1284 697 20 68 1363 1451 663 1156 974 1615 1575 312 1835 58 105 101 1433 817 250 683 297 57 1052 276 88 1647 1270 463 788 1232 417 1450 435 1578 741 135 1715 1608 721 807 584 175 1160 327 1202 461 1583 357 157 1592 1750 427 1561 1290 1711 1780 1602 995 27 249 1332 1860 1107 1645 1771 1197 450 968 473 970 1962 1455 1401 1674 693 1872 50 595 567 1611 1413 833 583 612 651 1849 1383 1763 96 971 152 1777 1582 1224 344 1534 585 230 1862 1437 1358 921 1864 1399 599 1166 474 872 1058 1703 1017 1480 603 655 1278 1920 714 1121 168 647 1852 1500 963 941 829 1832 49 1317 76 1307 581 278 1210 1913 1907 966 245 1504 961 677 1865 1018 557 1136 1940 525 1183 680 1091 1144 657 1309 955 30 1651 926 1589 1932 186 1084 676 1902 1814 1609 661 1956 1557 1544 670 959 1258 1078 1714 1079 1684 1192 1179 1012 1442 1249 478 561 1456 1873 1543 318 996 153 1354 1116 798 432 215 743 786 552 673 1055 1246 1596 1395 1200 114 705 1441 1666 792 1838 611 494 1337 888 1252 891 183 3 462 1953 1654 1890 1565 1622 516 1875 1260 1400 896 400 543 1591 1646 1320 631 1418 1488 778 1521 416 1465 1373 1712 789 766 202 868 136 1190 1663 898 1960 882 1619 952 731 108 1716 486 667 1029 881 1221 1689 620 744 1884 138 1839 190 205 160 1072 1306 1580 122 1388 1127 1708 1542 1892 217 1891 1921 942 1296 1362 1697 1496 602 1747 1027 1026 824 1643 1314 587 1431 80 1669 1900 244 1933 499 1046 151 1498 1517 1706 1526 257 287 290 761 572 1518 1963 1916 187 717 928 1099 1704 1499 675 962 1656 201 1087 765 1214 1251 1370 991 800 1300 1293 1827 491 600 65 1109 404 1896 841 476 623 1477 1417 1266 293 674 1097 319 1096 280 176 1126 1640 1242 140 61 1263 1235 531 1779 397 735 1738 988 1888 1731 1739 990 708 363 909 328 177 98 1926 110 275 1226 291 1546 154 1881 1141 1590 502 726 81 1350 1371 806 294 22 785 124 720 506 159 1572 915 1233 736 1957 1533 87 240 1603 1866 32 139 1206 402 1870 1732 1812 1476 469 987 716 614 1829 353 1453 1735 54 6 875 1906 158 1726 901 1457 248 1231 1036 1943 518 174 236 993 1398 1243 170 373 1439 1001 1530 1267 1068 874 1316 1007 1449 66 1292 460 1207 756 343 1443 914 11 1586 342 528 305 694 534 1372 1430 805 544 782 41 1380 1100 1889 75 272 1841 498 1223 580 1965 718 1692 308 1289 389 1558 1768 1744 1821 740 832 210 39 1139 917 1188 750 1653 870 588 1244 16 576 1635 1795 1438 1424 71 1788 1447 64 1152 1748 1357 536 1631 1083 391 104 255 897 247 1536 212 1082 1525 196 1341 336 234 578 1250 878 1904 1720 1825 438 1569 759 780 116 282 364 1623 1970 251 794 1529 449 925 749 1954 1065 1595 1740 1636 938 864 992 835 1798 390 489 1754 376 133 1634 1800 164 1308 1305 33 1338 976 1729 1776 329 1330 1607 366 1211 1186 277 1541 1672 1688 1605 1199 1535 1130 1215 1482 83 555 625 1133 1236 1281 776 866 839 1425 704 1912 1637 466 1730 1367 723 383 857 10 468 1061 1138 895 1352 130 374 107 1848 1968 228 1961 482 553 34 672 1612 161 671 930 816 1 149 237 441 1553 1003 568 629 1329 1077 1140 147 869 1043 1818 1745 1950 1537 1813 411 313 887 1532 53 763 1201 453 1764 8 504 510 1515 1918 1683 751 1512 636 1324 943 142 333 1102 1828 1944 1831 1484 861 1124 1850 1389 1088 1833 1397 758 1355 1272 171 1279 712 340 1311 1929 1376 927 1344 830 774 760 1784 439 335 1905 103 656 1767 457 924 1319 12 617 1816 919 421 1927 354 369 1006 1951 1191 423 1228 994 644 1030 566 1038 420 957 537 973 1326 1247 541 1769 1490 267 1075 1110 548 1719 1487 1519 918 1581 1606 1212 211 94 1564 191 92 1020 1641 281 1538 380 1118 403 1857 442 1013 1660 430 455 1090 893 1705 126 1261 591 1193 1277 1196 452 1624 688 199 1567 1028 408 222 768 1169 1458 626 678 1502 9 
1981
1637 1958 774 1712 448 1544 947 8 1321 1506 884 65 1374 1415 633 151 848 49 1075 554 1307 762 1973 1331 167 849 338 228 1751 1969 1539 1243 1174 1576 1236 390 885 414 392 55 436 1368 1181 1847 400 1831 508 9 1685 1224 1920 844 316 1643 454 1926 41 1348 1258 1215 1649 1591 1390 926 597 1543 489 1499 286 462 1496 553 323 958 182 944 60 132 1303 336 1021 1339 1959 1683 148 574 711 1558 280 559 856 411 1838 1873 1704 1357 1051 288 1367 1360 185 1178 122 543 971 963 701 1412 823 1519 1294 964 1351 590 197 854 1674 82 303 1631 196 1399 948 61 1327 322 837 852 1594 1034 1641 1425 88 1720 153 967 585 1274 1888 1776 603 1058 1230 1165 1586 1353 1068 1806 1825 226 1414 1878 1698 1535 625 332 1306 207 440 924 1540 915 986 1229 161 655 1430 1618 1903 130 1722 1794 186 348 965 909 937 524 1947 1257 1763 439 1820 435 144 1953 1189 941 1478 1657 229 1233 145 367 930 721 1182 546 908 1690 1882 702 521 1251 628 1723 1600 518 399 1248 360 1907 408 6 281 743 572 1676 1340 423 309 1617 471 994 1250 149 1320 1350 368 1057 218 176 133 1408 1001 256 783 263 690 736 749 1192 1436 1197 220 1228 1447 1630 1693 266 870 940 1883 539 629 19 1772 976 1336 678 1013 23 1642 639 617 418 1541 1167 1538 1942 1941 1855 1816 1948 781 1310 853 1769 1264 1741 682 531 790 793 1106 686 1466 1343 1727 906 672 301 1886 460 715 1237 180 242 1767 1579 674 830 759 1924 1188 78 1505 1651 667 1548 108 1681 562 1915 1778 1133 1615 1261 170 193 210 334 246 1736 1043 276 199 268 872 1661 817 1213 1170 1376 939 990 544 1520 1897 1275 359 688 512 1423 834 216 1605 290 1626 32 1796 1950 600 1975 1729 1511 1443 137 961 611 882 1645 835 634 1135 1597 1491 1005 1055 832 1609 1516 665 1768 1960 105 1972 1898 15 1814 1608 340 259 595 1387 1038 931 27 138 426 146 578 184 1809 1455 1787 189 26 1222 1851 213 794 449 1536 245 1207 405 1308 1088 591 698 372 695 112 724 1191 1542 1553 580 385 1644 876 1585 596 1843 424 1184 468 506 1490 1016 287 1401 1406 243 474 451 1011 641 394 1292 1784 113 1668 973 645 799 1305 520 452 765 1346 714 1309 1028 364 404 1262 1603 1737 107 1660 1634 917 1318 950 978 1570 1908 745 492 1279 780 1754 209 1128 1044 1828 510 945 302 363 1537 779 168 1324 1093 150 1026 1241 1928 536 1134 1426 417 1551 1625 1316 540 206 1356 1937 1029 975 1884 1592 1954 513 737 738 384 483 1904 1593 67 1835 1007 861 487 1584 110 1571 951 1880 1470 1944 1270 895 1186 1333 1317 21 796 123 1663 530 1440 35 125 1877 614 798 717 1868 601 1836 71 159 877 76 1966 850 1137 1845 1654 710 299 1706 903 1487 271 1556 393 1931 475 1301 857 1497 1976 1656 1738 816 928 691 1849 511 486 529 297 954 57 1893 1621 1022 459 1033 298 534 355 252 1783 222 1345 1101 1659 1563 760 1862 173 307 932 1338 700 1416 615 165 792 1008 1299 203 1091 320 1179 1760 1281 64 914 687 63 880 623 121 1107 977 509 1604 836 1193 1700 815 1854 1650 742 1534 1804 627 1755 1779 296 983 2 1064 166 718 1922 677 1521 1036 1172 769 1731 127 1509 443 1977 1464 476 647 1815 548 1530 981 1675 5 826 494 1929 938 1614 10 7 1946 1872 326 371 1724 45 481 190 1039 923 214 456 1515 274 1397 46 561 120 52 913 1289 83 324 1957 1380 789 704 480 1203 998 707 1750 1046 706 1384 550 289 1811 98 275 709 1566 1040 1113 1917 1602 527 616 156 314 549 425 646 1219 740 397 341 1176 1198 1276 607 1311 797 1744 485 1925 545 648 1771 1725 809 1420 1391 1892 552 1673 812 1967 407 957 1404 1588 795 1302 864 609 1099 28 1439 1684 1640 1662 1832 389 517 1481 525 1030 1342 306 1417 820 881 1688 1332 732 194 292 1372 1352 416 117 1006 1344 179 1383 725 841 1746 230 1930 751 473 523 1155 1319 139 1050 532 131 1753 1652 730 100 631 1334 155 968 1616 1444 1581 1020 1532 808 1139 1335 568 1905 1945 244 1048 1138 630 93 1485 650 754 1692 1800 619 1689 257 119 247 1564 1742 375 1785 712 406 445 225 1808 219 1711 195 1325 294 657 319 251 498 638 604 1438 1454 1460 1546 1647 679 842 1840 1923 157 694 1067 1709 1789 201 1619 612 671 1721 1799 1562 654 1810 96 1822 39 34 705 434 584 1402 953 1035 661 1120 1410 1379 1852 1392 1121 893 410 1373 851 1354 547 114 1715 1253 3 1361 1749 396 75 1322 622 618 1097 11 1797 1935 1000 1780 515 899 1484 1382 773 1159 1834 1569 624 992 1394 1211 73 59 1076 1364 1405 158 1932 1407 1204 37 1381 453 577 583 1766 12 291 1164 1881 1313 599 1547 51 1803 801 1278 502 1066 1418 1747 775 317 421 1196 1921 215 315 1435 1249 1183 202 1144 1719 608 1962 1126 767 1876 1819 1375 1475 984 1221 1572 1695 1580 991 1102 1607 1359 719 1489 1865 1280 741 1154 1252 788 551 1918 1589 1841 1104 1735 999 640 1295 1239 1395 1850 273 692 746 1510 1177 118 18 1235 729 164 478 1389 361 1290 277 387 1166 1694 1612 311 1961 1512 805 888 318 1560 980 1115 1606 570 1628 995 1912 1201 409 495 308 594 1782 1132 1477 1445 432 522 42 1108 1682 1255 124 959 373 1857 786 177 503 1846 14 1870 878 1449 1314 1448 310 79 1889 734 282 1085 1298 1122 339 873 1802 1010 988 666 1933 1531 1678 279 567 766 1669 33 921 1664 934 169 675 86 477 1052 232 162 284 1450 1817 106 1951 1666 321 1070 1240 1217 174 1968 1573 258 777 555 1639 497 1422 1896 1218 212 1206 541 1377 879 802 1492 1756 1031 720 1146 605 40 1655 1914 1060 437 224 80 208 1111 542 929 1472 752 1431 1513 1955 1087 1433 17 1287 1469 1567 1679 1848 351 1734 1004 1718 1136 1242 785 1765 1411 889 602 501 267 446 1090 822 370 1582 187 1378 1826 1326 1629 466 366 1555 649 58 1775 556 429 1105 1330 1194 1185 464 1171 47 935 241 1595 1598 866 1524 313 398 444 970 1398 949 772 1012 467 386 142 1143 1479 350 1900 1370 588 575 24 703 129 1495 239 803 1079 1054 380 1705 1622 1078 1245 160 500 265 1268 1774 74 758 1358 1500 496 68 1083 479 140 1160 1081 1827 652 1363 365 1528 776 875 1761 413 234 1437 859 1739 637 739 20 1409 1557 1173 1169 943 104 469 1762 1821 1053 1842 1452 916 1003 304 642 557 1965 1658 295 1708 1009 1084 1265 658 811 1124 660 1100 1175 1867 1837 1434 238 753 461 829 293 1168 1494 1457 1315 855 455 1024 1978 378 982 171 1463 1086 1061 565 526 560 1032 1885 535 827 610 264 1717 44 1829 1386 936 102 1575 1938 868 1157 1163 1786 1759 1672 1474 25 891 1910 1792 791 1323 862 1916 910 116 1601 191 985 1699 87 1277 1635 1153 636 1127 838 143 31 101 1879 1119 1063 374 422 109 178 514 1129 237 333 993 1263 1839 1041 412 668 457 1451 1875 126 1427 528 1073 1940 519 1337 329 1244 441 1208 260 1421 1149 1283 1526 50 1919 221 1396 987 1525 1056 1545 1899 1202 883 1273 1365 1 1118 1713 662 989 593 683 887 1286 1502 756 1288 1482 192 261 1462 1062 680 1089 750 1095 1939 708 352 1764 1096 1590 1952 713 804 188 1161 62 1400 697 1934 376 1254 493 942 181 300 1795 960 1818 1696 1077 94 1473 358 1227 236 1646 1913 824 269 1413 1667 428 1483 1522 1148 787 56 576 1069 537 1267 911 1707 1861 1297 644 200 1098 1577 643 1369 1514 1209 1648 632 904 345 1112 1636 91 1833 1453 1732 1565 1633 1130 1467 871 484 582 1554 912 1471 499 1665 1864 1205 727 1578 4 1680 383 38 1269 933 886 800 325 907 1238 1611 36 1328 1147 919 723 1901 147 1653 99 431 962 1247 1726 1620 330 635 22 1791 1770 626 1082 1964 337 427 1285 1260 346 1371 1627 347 897 115 892 922 1023 1549 1014 1049 1728 388 818 997 722 1296 254 1587 381 90 95 755 1428 356 463 1162 1080 606 1523 558 821 1856 782 1047 1559 401 331 516 969 136 1015 905 592 778 1140 163 651 1568 1498 1517 377 927 134 1114 1059 699 1906 1071 685 233 1291 1232 621 1703 784 874 573 1210 747 1527 1341 77 581 735 1890 402 689 16 403 669 1824 1393 1550 1869 763 235 946 450 29 1895 716 761 1355 1701 1271 1094 465 1596 1256 205 1863 255 1486 395 956 828 1610 1927 249 1777 1936 69 54 1385 248 312 867 569 227 771 1697 53 1092 1019 1199 1284 1234 1911 890 693 1844 1781 354 1116 1117 1552 564 1745 748 442 507 901 1366 1823 663 1231 211 1110 152 1225 1508 344 488 1574 1757 415 1866 438 1259 154 1632 1461 1624 1971 1329 362 744 1714 681 1887 1798 1980 1272 847 382 1963 533 353 458 757 1195 1613 806 204 1561 81 1583 1790 659 768 1214 1266 1145 1347 814 128 1670 343 198 656 72 1446 664 1793 860 391 327 272 858 955 1902 1981 925 1424 1533 1476 831 1493 1220 278 1223 863 770 1805 1813 470 898 563 43 920 70 589 223 1733 1858 586 305 1158 250 328 92 1503 1156 1226 1501 491 1002 1459 1304 66 1465 1507 433 175 420 13 1488 97 1504 613 764 1788 1362 1599 270 1131 653 810 579 490 1441 231 183 819 1710 598 1141 240 1943 1403 972 447 833 1312 1752 1017 1187 726 482 846 1419 48 865 620 1871 379 571 807 869 673 1180 918 996 172 1716 253 1480 1740 1758 1812 1442 1638 1074 1956 538 1702 1027 357 843 1103 896 676 845 1432 1429 419 1190 1801 1045 1691 1974 1246 1152 1200 1748 285 1686 1891 1773 696 1623 1072 85 111 733 1151 952 505 335 1874 1979 1349 1677 472 1388 262 1293 670 141 1970 1807 1123 1018 89 1909 1860 894 728 1730 813 587 825 1037 1853 839 369 1529 1456 1518 566 979 135 342 1830 430 1458 84 1671 684 217 1468 1042 1859 30 966 1300 103 1282 902 1109 1142 1687 1894 1212 1743 1065 1025 1125 974 840 731 900 349 1150 1216 283 1949 504 
1965
1718 1411 507 42 225 532 674 1905 1580 1409 971 675 4 1682 1384 116 1663 893 459 1504 422 1522 308 621 1408 879 1148 1187 1342 1573 1470 1591 630 739 1439 684 1370 891 980 1368 1247 1938 49 372 1412 894 1229 1890 625 1004 401 217 1773 379 628 1350 1520 1637 41 743 1209 203 169 214 1932 1243 1072 1122 1893 564 995 297 219 292 1748 1216 498 244 919 809 503 1213 1113 148 1892 261 110 155 1234 1894 1425 1631 627 505 1069 1484 598 888 1866 804 644 487 1500 857 668 1133 746 1136 554 140 1094 882 947 1835 477 866 300 1659 991 578 921 1653 6 456 1713 101 1401 76 1507 1352 548 808 864 654 1506 336 223 187 1704 441 1933 44 1279 1163 1156 775 531 1529 842 1360 99 724 395 669 1287 518 371 1755 786 704 1883 906 781 184 1118 320 1931 48 472 803 1086 898 1676 1151 599 246 1228 1335 1579 1554 600 1634 1826 1681 1280 1400 1876 727 1839 827 144 782 1836 112 465 1687 892 1853 771 517 835 514 1881 1646 1636 1882 324 1064 1389 1677 1586 1581 30 1138 589 1338 1111 332 1054 1127 996 1448 1749 65 1662 1527 1798 410 135 683 1016 1901 1404 474 651 614 457 1325 1087 1097 1880 1797 265 1297 1261 176 742 1419 1046 1226 577 949 466 1255 315 1855 1277 945 1535 844 917 1622 1767 833 1515 442 849 639 918 1446 52 1778 736 1600 1812 1278 1109 404 722 1427 134 1494 1388 637 678 694 1801 1818 874 1039 1102 24 788 1367 70 446 90 273 720 1753 1564 1029 1571 1947 1656 676 1479 1630 1248 567 645 1143 1652 562 824 376 19 1624 1197 700 1629 1802 1241 915 998 1031 591 1508 333 1116 123 37 1272 1455 1689 98 82 1426 584 691 1496 1497 1291 801 837 657 1117 1062 1804 631 352 128 965 1254 1105 119 1674 1858 20 383 1044 142 1051 1201 609 1851 1917 1708 1922 1304 1482 1258 1878 1907 173 818 764 131 1224 258 1744 829 1588 238 1912 375 1155 1889 523 1949 14 717 757 538 838 652 1965 537 1545 1126 253 1134 1847 1461 1518 256 797 407 867 1346 1908 1074 1354 992 1293 1525 1440 1632 408 779 1162 1396 685 1619 489 1913 549 1040 1845 1952 1250 1779 581 566 94 1657 1048 1726 655 1538 1658 1758 398 1249 208 1519 1474 1011 192 1269 478 1008 830 1640 1114 852 1383 63 1472 1312 814 1561 291 1376 1598 1372 1273 1210 1075 1884 1480 1493 1661 533 907 162 1173 1330 35 871 1158 902 672 555 1623 1530 751 601 351 816 2 434 321 79 519 854 1022 636 438 61 493 263 1301 205 1495 33 770 13 1785 75 1733 1289 348 1849 363 1672 1740 168 306 373 1181 129 1340 231 345 1283 1263 285 593 1377 1829 1405 792 62 825 1214 1695 943 284 939 1620 10 928 667 1030 1531 1703 1239 1001 1067 1542 1719 870 726 1076 1523 1694 732 188 618 972 860 761 413 1757 85 970 1501 453 1948 1089 364 990 1732 109 1941 1735 1605 821 798 1843 671 647 412 1729 1791 1959 1477 984 916 929 1961 880 467 59 568 406 1021 1233 1914 1355 1164 247 1626 1020 588 25 873 881 1363 1832 1108 855 1407 1776 1285 340 1053 940 1177 1206 1557 1170 1403 839 1066 1546 985 1698 1219 1788 912 1125 310 1625 1505 427 1157 1320 485 658 1081 1191 1322 1655 1828 620 937 328 1142 1759 1705 294 1012 1560 1837 1231 753 665 1369 711 692 1864 1256 887 16 1120 39 349 1437 1436 950 1810 1399 904 1463 1079 1131 1198 789 1274 1251 1019 583 1014 1445 889 688 1166 958 153 1589 634 165 935 509 512 689 1951 1594 1715 1406 913 181 1856 1185 908 1896 1888 850 983 278 367 106 107 1820 1375 366 1503 1073 216 624 1766 823 946 15 1651 973 1078 737 1082 836 1161 773 74 50 495 1752 210 687 759 183 546 967 987 1886 1351 1583 1859 1566 826 405 266 1915 460 1193 1145 325 569 769 1644 115 515 161 1344 686 587 236 354 1429 43 851 1328 338 22 701 877 1070 1296 1365 832 1724 508 862 1311 56 1513 1950 145 1775 713 1467 1817 1574 1937 380 1043 1764 117 1731 1771 714 974 863 470 1925 1590 1024 1528 1741 274 729 491 528 450 88 1910 768 428 1809 1183 1238 114 1345 1750 607 418 1077 1268 108 659 1319 1123 234 193 179 699 40 1693 1423 12 204 1789 221 1298 1068 1235 1023 1128 872 721 164 1690 1252 698 1903 1711 1032 1414 260 1934 32 1084 28 1739 1666 1751 1692 18 415 557 993 232 623 1337 733 1728 118 45 430 570 1107 1533 1920 463 707 309 27 1034 1608 501 869 910 331 1357 1562 1825 642 610 139 1447 392 1760 1176 1670 776 1823 1101 1679 1047 1550 1453 1373 149 1665 1141 1642 282 1765 1700 982 1195 841 245 290 439 1648 1722 1009 1386 1135 329 690 1052 1904 1617 1171 526 1943 723 346 316 1149 1675 766 927 209 1460 529 1060 358 402 1738 1895 596 1833 1707 1378 385 1499 629 1358 853 1132 151 545 1840 1167 670 843 445 1885 948 1939 1106 1259 1596 1058 1532 930 1160 1091 1768 695 1870 944 220 318 800 1898 1534 1926 111 592 1911 920 981 124 1441 1387 298 1088 1140 272 1422 1199 1756 417 1061 60 1935 716 1928 484 416 1253 1476 389 1465 137 337 1827 252 1469 1316 1863 1204 1710 381 1641 772 1237 1063 1 312 191 271 1393 1458 1714 1050 1288 241 1473 611 1124 267 656 158 1007 1686 890 1962 1516 1792 475 177 1033 1811 1614 1736 480 201 576 464 969 663 1488 327 1720 1902 339 1957 1027 1747 1321 7 1696 1745 454 905 819 1302 242 702 745 1099 1514 496 1650 1215 1609 1604 307 66 195 355 556 810 963 1236 1276 486 103 1456 360 202 374 1418 649 5 235 712 1450 289 1906 1956 763 951 903 1786 876 1266 815 83 1310 69 1616 1613 938 574 900 1225 343 988 240 1331 1680 433 1129 504 617 1212 749 1240 1815 527 638 1397 791 755 218 1194 534 1434 994 858 57 1568 1317 141 1362 760 756 1015 1633 1958 552 1860 635 1353 411 500 1379 1454 1364 1223 249 703 302 31 1246 1349 122 813 166 1814 1800 1071 171 1727 859 421 883 752 1085 1090 643 1049 1443 207 1119 431 1315 377 105 370 1664 1678 72 1551 787 1182 1873 1638 296 301 616 865 93 481 868 1385 677 1230 785 483 1963 1483 382 1416 632 561 1867 163 846 1430 120 502 661 1265 1115 1306 1192 1793 709 150 976 666 1305 1607 640 1805 612 536 1940 1654 525 212 754 198 633 197 1565 1202 443 1374 1327 811 283 884 731 1553 1784 1555 997 1487 1769 369 429 820 1281 342 1491 975 1104 762 89 1813 1697 1879 1264 1806 840 1318 279 490 831 1341 1154 17 452 923 1059 476 361 608 1169 615 530 1028 1502 558 780 1457 1684 1471 1013 159 222 807 1537 1095 1190 341 626 1572 138 172 1593 482 269 86 152 1361 932 494 941 931 1539 378 1200 924 783 1549 121 303 295 54 1485 822 194 1186 1618 1490 799 506 590 1489 462 1464 1452 1222 1606 1770 394 563 277 1150 1207 264 886 653 1165 1420 834 955 1578 419 1006 1112 468 497 38 1348 1180 1601 9 51 1196 1916 1382 1526 368 1734 1308 1723 323 524 488 1699 1868 706 901 878 1394 1459 1424 1184 953 774 1307 199 353 1309 359 426 21 1329 1803 802 281 1628 1521 185 1286 1615 1282 1942 499 215 237 1592 393 705 1702 1339 299 200 613 190 580 1742 960 357 100 547 136 1575 582 390 1205 516 1017 257 388 68 1139 1576 1392 1343 11 126 1092 510 1444 1923 391 1005 87 565 230 1552 365 350 560 1381 602 435 73 233 304 1159 1211 1492 926 1543 334 1428 559 812 1540 97 436 1669 1556 796 1324 1643 603 968 895 92 125 605 544 909 1841 146 977 77 1391 293 959 1232 673 728 1585 777 1918 1795 573 1842 268 1468 473 239 1366 251 1610 696 189 1096 1218 1449 896 1267 767 1857 1402 1844 856 1299 1709 1944 1544 147 1569 444 211 1900 3 1431 681 899 396 451 1517 1220 735 449 1874 344 1875 1334 1781 1347 1559 586 622 522 847 1056 1080 326 175 1599 67 1887 1953 170 1208 861 270 1257 409 1647 1627 1432 1137 1174 1147 1852 1869 55 1929 362 1333 1356 1754 1921 1945 1510 1930 957 750 897 682 1395 167 1314 160 1478 1462 1725 680 579 604 1512 1685 322 1743 174 1850 1290 1415 1830 1098 447 425 1035 1780 933 156 1486 794 1783 1146 1103 448 1794 1433 1808 521 53 399 1217 1410 1442 95 793 80 469 1717 1189 662 1548 1782 738 1816 1390 1871 1706 420 934 1671 1037 492 96 403 1152 845 1848 710 275 725 650 1481 922 1336 1822 744 1891 1153 437 747 1435 848 513 29 1524 71 84 423 1451 1026 1168 154 387 966 1121 1065 1558 999 1323 91 1041 741 1649 1475 778 730 817 226 619 248 795 440 1093 1688 319 511 1100 206 1242 1010 1130 942 535 1541 679 1673 790 594 1691 986 1417 606 1292 748 543 1877 765 1763 571 1203 479 397 1438 1790 1909 1260 1602 254 250 1919 1712 1819 1042 1498 1897 1924 1178 1824 1611 1872 1667 1774 1175 34 78 740 186 182 1036 1954 885 400 1761 127 1936 1221 693 288 664 978 1380 58 1275 1002 697 1570 1721 954 1582 228 1413 1000 1964 1955 287 964 1787 243 314 1284 875 1359 1371 1861 255 1244 1563 911 276 572 1716 952 143 1796 46 1294 227 1595 979 1179 648 317 1621 1303 455 989 585 1777 1045 539 708 330 551 424 1612 1899 1645 961 1083 1821 259 132 313 1262 925 461 26 1300 224 1577 1055 414 1862 784 1597 1227 758 280 113 520 1831 1057 64 1838 1245 1639 229 157 575 1846 914 1038 347 660 553 1509 1683 715 1172 356 180 471 286 646 23 1188 1635 540 1466 595 1762 386 1746 1584 597 1547 1587 262 1003 1326 102 1772 1799 1603 1295 541 305 1807 734 936 718 1660 1865 133 1536 1271 550 1018 1737 196 1854 130 8 962 1398 1332 719 104 335 311 1110 1025 1927 1144 1567 458 1960 1946 1313 178 47 1701 1834 805 213 1270 432 384 806 1511 956 828 36 1668 641 542 81 1730 1421 
