10000
43 41
55 14
4 21
96 72
36 83
86 17
93 0
23 90
23 17
80 21
61 98
1 59
3 69
22 1
22 86
31 30
18 62
84 92
49 4
50 76
16 76
69 96
37 35
46 4
56 28
94 96
39 22
6 82
18 67
67 11
57 53
17 93
85 27
79 17
73 11
10 14
17 83
100 18
62 74
81 32
13 57
65 0
47 8
52 64
7 20
73 51
26 74
78 56
79 30
14 21
34 77
78 41
99 80
27 1
64 54
37 55
81 50
36 85
57 55
3 74
66 61
29 70
50 66
25 4
20 85
35 80
86 22
62 51
97 78
1 28
95 3
64 93
2 9
20 27
57 68
99 35
52 6
35 47
81 52
55 16
61 77
3 38
19 11
80 77
51 71
95 51
68 87
88 61
8 67
69 79
51 26
37 64
64 39
63 73
31 60
50 34
6 66
86 19
31 35
46 94
87 66
65 19
21 61
69 72
16 20
59 95
19 29
12 73
11 84
60 26
9 15
8 59
98 28
51 52
40 23
51 0
14 42
95 2
87 2
17 90
41 52
1 29
14 74
40 62
13 85
99 45
49 40
93 66
38 27
84 0
57 2
20 96
70 0
25 26
27 52
42 74
100 15
12 32
30 56
98 78
13 2
44 99
88 72
31 57
21 47
39 43
29 36
100 61
79 36
86 26
59 6
87 97
61 33
16 28
40 60
49 69
71 91
99 98
23 54
60 45
100 16
13 45
42 82
95 24
93 7
40 38
60 37
69 71
59 94
89 45
96 13
1 69
44 83
60 19
40 90
91 53
74 2
77 6
63 43
25 61
70 59
97 26
19 0
43 19
19 42
66 71
31 87
98 40
80 60
86 51
13 33
8 99
44 76
49 86
76 72
74 64
33 69
29 98
42 84
65 66
48 92
69 66
43 15
25 83
18 24
86 1
68 51
84 80
98 12
83 94
1 60
19 76
88 84
62 35
27 64
7 32
82 53
100 95
85 88
77 93
26 0
44 1
27 78
94 83
18 4
76 37
78 7
51 89
11 74
22 31
40 60
82 36
99 18
100 21
22 43
14 23
42 8
64 3
60 20
82 34
67 21
100 6
26 62
75 65
15 38
34 48
47 29
48 99
24 5
41 68
36 11
81 9
31 53
78 20
73 13
41 86
27 28
78 31
55 16
86 30
51 67
18 65
58 14
72 28
83 87
18 96
85 64
1 82
20 29
9 66
100 44
18 98
46 27
88 19
4 78
56 21
84 27
94 50
87 88
99 21
84 56
28 93
71 27
42 71
90 57
22 99
35 41
13 95
25 95
84 71
17 99
21 17
50 24
9 27
89 98
67 8
19 28
3 31
32 75
52 64
96 24
37 89
56 21
98 13
4 76
27 61
90 35
85 35
52 3
81 72
55 52
95 5
82 31
75 35
86 57
20 76
88 12
85 14
5 35
10 87
54 17
69 27
92 7
81 79
19 33
24 94
67 63
79 93
48 93
48 20
7 0
9 76
22 24
60 26
9 40
23 74
100 12
89 48
21 82
40 88
6 16
86 44
88 26
24 32
59 10
41 93
89 96
51 12
15 55
36 15
84 66
12 10
17 88
88 24
18 41
27 11
77 89
5 70
53 62
100 82
19 93
67 72
10 58
87 43
86 11
70 90
13 72
74 10
10 8
2 35
43 19
68 92
58 96
7 36
20 42
30 14
57 40
54 57
21 66
4 38
52 10
18 40
38 64
99 43
38 6
51 13
84 16
17 90
22 4
94 54
20 23
67 45
100 85
2 38
81 82
58 13
1 97
75 88
14 78
98 69
50 84
7 98
33 29
98 94
16 91
67 16
81 15
53 78
49 9
58 96
88 8
65 87
20 36
63 45
17 74
75 19
9 59
21 27
3 82
37 27
97 24
89 90
47 21
43 94
28 73
56 44
33 8
70 41
57 8
60 29
71 37
31 70
24 16
94 95
56 45
80 3
68 66
87 29
10 46
97 97
32 35
22 97
12 69
24 23
81 95
79 96
48 43
65 46
22 85
74 37
73 52
42 12
27 15
84 24
94 28
19 47
2 76
13 99
5 35
99 28
36 73
23 96
48 18
53 14
20 67
33 11
43 55
91 62
14 73
33 83
11 3
42 3
85 44
52 78
27 23
67 61
73 84
94 11
75 97
55 11
1 14
75 25
72 61
64 18
22 5
70 10
9 70
5 10
94 3
13 98
28 24
1 29
41 7
46 39
69 89
88 57
34 89
87 69
37 86
80 56
42 19
70 93
92 5
53 91
84 48
34 48
67 66
48 14
23 78
60 38
18 8
11 23
99 14
54 64
51 19
67 48
91 92
39 53
84 81
56 27
83 97
88 62
48 82
85 69
36 56
88 47
34 14
84 50
95 24
16 39
52 99
50 57
73 62
31 48
13 69
96 58
45 65
6 2
79 80
66 21
63 26
25 14
1 1
64 97
62 66
4 29
46 79
39 52
7 17
67 92
95 53
4 95
44 39
62 59
20 6
89 68
93 5
17 31
47 80
82 86
5 70
16 66
83 82
92 48
5 59
39 80
82 78
85 35
8 41
38 49
31 91
41 83
77 83
18 83
32 24
38 22
96 22
50 86
5 84
25 95
5 47
90 64
14 12
94 70
34 61
59 60
4 16
35 37
64 17
5 29
9 23
80 12
94 63
99 13
86 74
80 58
56 80
53 4
32 45
75 43
97 56
85 32
72 11
74 12
29 23
37 56
100 5
9 58
8 5
55 32
72 59
27 56
20 12
5 60
90 36
88 63
26 18
36 14
85 83
74 81
5 97
24 46
10 49
24 1
45 76
9 69
26 99
81 59
13 37
27 13
93 10
74 6
45 35
23 84
40 77
11 31
40 95
72 70
35 39
69 93
94 0
19 70
79 63
31 68
10 25
86 17
77 9
48 83
21 91
12 0
93 4
58 64
65 57
10 45
12 47
41 1
54 25
19 50
77 91
80 10
56 70
21 94
3 80
66 83
18 62
89 81
8 13
61 69
88 66
50 29
79 7
47 10
66 75
10 61
23 78
80 94
22 41
99 51
1 20
44 46
33 32
70 87
98 83
27 89
90 64
91 63
62 60
15 63
45 74
27 47
89 16
55 92
33 98
77 44
93 52
51 51
14 20
45 3
17 42
41 13
67 98
91 68
23 8
57 21
56 93
40 29
19 25
57 87
81 49
90 66
49 85
14 43
8 28
24 23
62 31
49 93
42 31
24 19
39 26
38 28
46 34
83 5
24 22
43 37
8 86
76 15
71 74
89 66
19 38
84 25
98 21
22 48
4 72
43 36
51 43
97 51
64 71
73 37
2 79
56 51
41 9
89 69
65 19
9 83
21 87
89 96
95 89
28 48
64 77
96 59
65 62
66 27
42 46
54 24
88 31
33 60
18 17
70 6
97 89
69 67
79 96
75 11
78 90
44 74
3 78
86 29
55 19
57 60
54 53
65 22
70 18
37 62
43 12
15 4
25 47
17 74
4 19
17 12
92 96
20 21
32 60
38 44
4 83
35 42
11 41
68 83
96 72
44 33
29 40
20 30
27 30
73 19
77 1
45 63
75 24
39 67
76 28
13 94
95 18
7 40
7 98
13 35
42 46
46 67
48 59
44 97
45 29
42 99
89 98
1 90
13 30
70 72
54 93
56 65
50 62
54 82
7 4
25 14
80 88
7 2
87 59
65 31
25 92
19 85
33 18
89 43
84 0
27 30
15 14
94 99
48 14
78 66
50 79
3 61
90 41
80 22
10 29
61 45
38 64
40 26
12 69
31 52
90 52
5 23
34 67
61 4
68 27
93 66
28 66
1 99
80 53
76 57
35 53
9 24
24 40
10 94
60 18
41 63
90 86
100 75
52 39
95 98
96 71
70 74
90 47
45 36
10 29
68 17
39 35
36 55
38 89
84 97
65 79
77 87
43 85
84 28
1 40
26 74
99 93
94 28
16 81
32 8
21 48
66 38
96 7
87 94
10 10
38 2
24 38
53 64
87 81
6 52
8 68
14 29
37 46
60 26
65 59
2 27
91 14
44 46
54 77
7 9
47 96
72 18
81 73
69 35
1 19
77 83
89 24
49 66
17 85
40 72
2 98
55 30
81 4
42 91
20 93
78 60
17 45
67 60
47 54
31 86
60 22
58 98
69 20
17 16
5 99
86 24
42 7
82 87
3 45
38 45
7 62
84 12
20 16
18 25
18 38
1 11
90 62
91 9
8 20
75 49
16 39
43 12
78 72
4 0
6 6
94 81
75 74
27 88
84 22
69 17
27 58
8 77
38 0
78 52
13 96
59 29
62 21
78 44
10 26
53 16
44 46
93 99
30 39
1 43
45 5
85 8
14 28
40 68
48 95
62 90
44 56
97 50
95 62
35 78
28 93
33 31
30 6
43 91
35 23
95 39
71 13
12 17
14 16
45 32
84 56
48 68
18 96
84 62
87 73
70 76
43 1
11 17
5 73
93 0
68 44
97 31
2 13
92 29
96 80
2 53
70 70
71 26
43 8
90 83
66 51
76 54
61 82
41 74
83 59
46 39
89 87
63 64
90 25
89 63
71 67
20 31
85 54
71 59
54 75
33 23
36 43
8 77
14 43
69 3
33 61
58 24
59 4
44 76
11 82
89 36
56 69
91 83
47 95
52 52
44 19
85 89
13 21
78 61
75 54
12 82
80 58
66 14
10 43
41 61
57 3
22 44
6 1
75 52
23 57
99 44
76 38
60 89
21 58
31 50
48 29
41 29
34 58
92 66
41 64
6 93
28 96
28 14
94 97
95 85
53 25
31 24
43 38
100 3
29 65
38 47
68 74
14 91
49 86
10 79
80 35
11 2
84 38
13 83
71 43
61 80
78 34
16 8
81 61
70 16
87 7
51 61
43 3
21 8
52 58
60 50
48 11
83 71
57 61
7 55
14 16
3 45
96 56
66 48
100 12
62 19
48 99
82 60
15 97
75 4
6 44
28 7
37 94
4 72
64 39
89 77
62 93
70 54
76 96
46 19
83 71
64 11
8 37
68 43
69 29
84 24
1 39
44 38
66 78
60 38
79 15
79 94
40 56
21 65
30 42
11 90
12 54
27 30
56 86
20 67
63 9
99 6
51 12
67 26
84 17
16 63
83 78
10 74
100 94
2 44
66 96
61 20
91 81
37 87
6 5
30 95
41 74
37 84
10 89
14 52
78 93
3 41
36 46
25 8
89 67
71 1
84 65
25 94
13 64
80 59
47 23
27 44
86 83
11 17
17 54
4 75
93 47
15 87
87 78
96 41
99 46
21 67
56 78
6 76
66 58
61 0
64 35
1 6
51 98
54 97
48 13
5 68
48 7
58 89
78 67
63 21
11 61
84 42
3 33
60 10
25 57
19 35
15 38
15 25
52 46
61 80
90 21
61 83
56 85
81 47
67 36
15 63
69 51
99 6
51 94
88 35
62 75
55 17
61 2
18 32
35 94
39 95
81 31
52 67
12 21
8 53
36 74
67 20
44 95
56 56
93 23
4 87
62 78
42 1
79 38
32 55
91 64
91 92
92 57
79 81
13 47
38 83
39 36
28 36
76 47
45 38
66 99
74 44
65 4
46 99
75 75
24 84
2 10
46 1
19 63
53 93
67 87
96 46
34 26
4 54
67 85
39 14
92 99
86 24
22 94
43 3
99 47
30 33
4 34
56 73
18 91
7 23
61 93
15 5
79 93
1 39
50 26
81 31
41 29
14 44
70 44
3 30
89 58
46 47
86 66
72 12
57 0
32 86
87 56
16 88
36 92
58 71
40 3
61 61
43 77
100 35
68 30
36 78
83 75
17 33
52 87
20 14
96 19
80 18
74 62
58 19
51 48
80 61
82 50
85 0
80 26
3 10
69 44
31 77
8 66
18 36
9 49
86 51
43 18
59 13
6 9
100 58
46 56
9 18
27 72
38 97
34 80
79 89
80 6
68 29
71 16
9 8
29 60
55 20
46 9
5 21
82 82
17 41
79 84
31 89
5 41
96 22
95 87
25 23
22 0
91 52
50 92
71 36
45 4
54 23
97 75
3 26
86 85
46 93
13 25
30 32
60 44
78 33
49 25
48 37
79 70
23 22
72 67
63 53
45 77
13 86
20 20
64 46
63 75
27 37
64 47
80 12
57 71
38 73
10 67
56 23
25 95
45 41
41 8
77 35
20 6
58 36
47 88
81 75
89 22
19 64
59 32
31 60
91 73
62 10
84 39
22 80
87 77
61 90
68 31
42 81
11 41
42 21
90 33
64 77
55 38
20 20
52 30
82 82
55 81
95 72
85 52
73 17
87 98
19 86
27 5
32 88
45 76
17 41
29 16
71 26
66 21
60 97
78 49
93 7
81 48
25 11
72 95
85 70
37 51
35 63
81 21
81 56
39 93
95 41
97 31
62 67
13 34
40 69
45 32
45 98
20 91
3 28
49 87
30 58
82 48
12 91
38 71
61 84
80 78
51 75
100 69
95 59
97 17
59 65
65 67
81 49
72 8
10 58
71 80
9 58
14 25
67 41
54 40
78 97
21 24
6 13
75 71
4 64
1 85
23 86
46 54
57 93
74 44
66 24
40 75
97 21
8 94
96 42
33 56
22 23
13 55
28 70
7 92
8 67
74 52
94 59
44 99
2 1
54 95
83 8
71 68
62 17
21 39
46 96
79 97
28 85
97 15
33 94
82 81
67 28
76 44
85 48
78 87
99 87
47 45
65 85
72 77
60 11
56 60
95 77
36 18
9 12
88 56
96 25
73 20
54 66
50 82
76 29
43 72
44 4
66 94
47 72
47 64
52 62
5 1
13 79
68 76
92 44
7 26
19 75
37 0
76 46
44 18
35 50
80 93
45 99
98 26
39 35
48 97
85 12
94 89
97 72
55 73
53 20
10 4
4 45
4 86
25 19
43 76
9 87
70 55
11 65
32 64
90 80
51 43
8 54
4 6
35 87
57 17
60 65
80 48
83 58
28 73
66 79
38 8
79 17
25 53
41 82
43 66
83 85
44 86
43 76
14 54
30 56
98 14
13 47
45 33
6 33
35 90
49 36
27 94
17 39
77 36
39 73
88 50
29 24
87 79
52 37
93 27
80 99
34 67
41 77
14 34
32 76
75 39
24 74
39 14
63 73
98 30
37 3
58 74
3 24
60 21
46 34
88 67
39 9
61 33
59 4
51 84
76 54
18 83
75 58
100 12
72 91
60 10
96 68
94 88
74 17
19 57
98 30
49 15
52 24
35 86
8 87
51 12
19 44
18 15
40 68
70 87
6 33
11 46
47 55
23 37
82 84
68 26
99 78
92 15
27 54
73 10
27 55
63 32
64 56
53 74
77 92
100 69
3 63
48 90
87 73
90 41
55 87
87 20
9 22
78 3
51 54
49 16
48 64
62 97
69 48
49 61
5 9
3 68
4 50
73 62
46 66
59 28
64 92
40 28
12 82
42 47
73 36
52 20
75 26
81 91
48 98
29 79
25 63
6 77
44 32
23 75
66 93
25 38
98 70
31 9
13 53
13 31
25 36
71 71
88 84
15 34
26 72
77 28
92 28
30 25
5 75
95 81
50 31
88 31
45 69
33 52
78 11
35 82
95 75
36 48
24 23
49 69
63 57
48 97
54 22
62 94
73 58
87 78
23 68
41 23
45 37
28 44
86 78
7 90
3 59
96 71
38 62
22 22
3 78
36 17
91 58
87 45
77 33
45 12
59 47
52 69
78 62
21 49
58 28
6 73
80 34
8 9
39 2
55 4
25 85
88 1
67 39
72 46
77 97
15 71
24 5
84 75
95 97
49 28
100 70
51 5
35 91
50 13
65 79
91 98
47 84
72 80
99 54
54 9
60 8
10 38
42 70
50 59
93 12
22 76
35 15
6 44
88 98
48 96
26 33
83 34
91 73
44 74
78 11
40 85
20 72
31 85
63 1
5 87
92 61
17 6
75 68
49 11
91 99
44 85
26 99
43 74
10 78
28 12
93 5
55 16
67 87
37 9
13 79
17 61
32 7
99 89
69 61
33 18
51 2
44 25
11 37
58 75
3 46
28 81
35 1
43 89
42 43
47 33
87 96
92 94
56 18
38 45
51 49
13 69
18 8
43 50
15 5
88 93
55 85
7 90
88 83
79 63
96 31
67 86
42 51
7 62
85 82
60 47
84 9
78 88
98 96
8 59
1 61
46 48
27 59
71 86
44 18
39 31
83 59
63 43
17 29
61 1
87 72
91 18
13 1
15 3
84 93
41 49
65 6
28 60
44 89
36 69
75 55
61 10
17 40
1 4
52 53
84 99
98 94
89 39
96 68
81 70
83 1
64 23
88 11
89 85
13 50
12 84
14 66
22 70
75 60
32 90
95 13
100 68
74 86
72 9
48 67
47 44
93 67
7 94
89 89
37 55
13 25
40 11
32 30
20 36
5 93
59 1
58 51
26 12
46 99
66 60
69 82
55 91
84 92
45 4
88 92
38 45
23 64
16 52
58 16
7 36
34 90
80 63
46 59
89 14
19 9
18 73
39 52
49 97
61 46
78 56
25 55
9 89
88 86
40 49
14 48
22 14
56 47
70 42
42 58
6 0
9 96
75 55
79 66
70 28
60 75
54 99
17 15
89 33
56 96
88 10
58 25
46 42
73 80
45 26
31 36
73 44
28 84
27 63
92 88
6 66
8 61
36 36
31 92
7 7
42 88
12 46
90 28
42 3
94 97
57 86
59 81
13 99
67 90
53 84
31 61
96 64
66 58
30 80
60 17
10 85
48 76
25 41
100 25
11 59
71 43
30 2
88 20
94 50
8 0
49 19
66 58
92 30
99 53
31 22
94 87
31 4
84 42
93 28
14 55
48 53
55 48
55 78
38 49
49 7
5 0
66 27
55 35
63 4
48 99
91 18
59 34
5 76
39 32
37 30
55 27
14 40
63 30
62 12
23 70
6 35
79 33
42 12
61 95
89 98
24 10
18 81
42 33
94 61
81 5
22 19
43 97
44 9
23 8
70 93
77 21
40 86
33 3
32 79
57 59
89 56
74 39
72 30
28 5
46 31
29 25
50 52
39 36
23 73
43 86
19 83
63 11
76 40
49 66
76 71
38 34
64 74
57 71
65 54
95 1
18 86
28 29
70 57
22 9
71 50
47 77
9 5
97 47
53 20
69 67
38 88
24 46
1 67
42 41
93 28
53 71
29 38
75 63
27 96
84 71
63 81
14 95
73 64
76 74
12 24
98 56
18 43
23 76
57 69
61 13
72 12
90 29
84 18
3 69
59 43
30 36
79 66
41 14
85 95
79 0
76 95
24 63
68 67
60 47
91 86
13 43
22 27
24 95
27 4
31 62
8 78
50 57
92 49
64 64
22 63
94 20
58 84
90 31
20 89
50 73
36 96
71 63
92 24
5 26
57 46
5 26
20 92
42 33
10 17
31 11
64 14
38 59
69 12
69 84
98 4
65 7
71 29
32 22
20 36
76 90
71 90
11 1
61 25
38 78
92 52
58 26
75 27
17 93
90 52
18 82
18 41
49 9
13 66
30 10
19 58
74 75
96 98
27 27
22 46
48 1
87 45
80 77
31 52
81 26
12 10
42 73
16 55
39 94
41 3
77 13
25 30
93 72
72 31
5 44
78 78
22 85
14 55
78 65
13 9
62 17
76 39
88 82
96 98
10 66
16 44
91 58
6 93
67 66
21 21
83 85
67 58
47 79
66 48
56 88
39 74
62 18
82 55
42 76
26 27
94 31
82 53
18 13
23 22
68 48
32 56
71 29
80 49
84 27
42 14
89 40
30 80
27 87
9 66
10 54
67 69
88 35
82 82
75 42
18 18
42 75
92 52
42 56
48 83
80 49
63 22
87 48
75 31
60 22
33 20
10 34
93 97
87 47
92 18
78 74
16 12
79 3
50 33
72 6
57 97
27 92
16 52
60 32
36 61
78 79
87 17
86 20
5 2
99 46
13 47
62 15
62 69
50 72
97 18
93 79
14 74
49 9
30 12
5 12
42 1
64 60
39 20
92 66
31 72
89 29
49 91
29 63
2 71
83 17
38 57
96 7
67 7
74 95
72 38
50 40
66 68
90 22
24 59
34 85
56 84
11 56
35 68
65 49
26 37
3 27
16 92
51 59
91 63
39 51
95 74
70 20
18 32
68 60
3 8
53 90
14 25
59 58
36 56
79 1
80 28
69 69
69 73
68 13
52 90
27 9
34 88
7 61
52 60
47 28
55 68
5 72
43 8
45 9
75 4
83 79
94 39
17 84
65 14
31 71
41 69
55 68
70 55
43 54
78 69
89 63
73 32
66 27
97 40
39 34
65 28
28 87
50 75
64 32
9 48
34 84
50 47
18 77
35 61
71 59
70 66
17 97
16 74
72 71
45 97
47 0
9 12
75 38
46 10
93 4
9 3
55 76
3 65
4 96
76 80
86 40
55 56
44 97
81 7
46 96
100 64
40 29
32 4
92 15
97 83
72 49
44 3
19 68
44 86
1 8
33 42
14 17
84 62
24 64
79 51
81 2
92 48
74 53
57 88
23 81
46 35
41 59
18 40
38 54
65 6
33 38
59 97
1 26
83 93
68 74
31 54
9 94
47 34
22 46
73 36
36 30
11 21
49 14
88 74
76 48
94 58
37 30
54 70
8 32
55 7
52 30
8 48
13 95
12 17
83 70
99 7
34 37
79 18
35 93
2 25
9 93
43 13
68 55
97 53
71 14
75 19
33 93
7 40
43 68
78 2
53 37
32 51
63 55
45 57
71 52
27 60
4 72
77 12
99 90
89 78
82 39
21 62
37 90
15 52
9 63
39 47
37 17
4 38
76 10
55 50
13 1
96 41
90 32
26 98
32 51
45 13
64 17
44 90
3 98
49 38
88 20
78 31
14 0
1 6
80 84
24 2
38 50
68 63
95 86
67 40
85 49
2 6
82 92
92 43
96 37
45 96
3 81
54 91
80 14
70 73
10 3
76 92
5 67
24 49
34 95
28 96
62 81
11 49
96 62
9 32
50 11
74 60
76 47
37 57
75 65
61 80
13 25
59 24
50 50
87 8
17 80
69 13
53 7
9 73
42 48
79 61
100 59
56 95
29 63
10 97
64 98
23 51
94 5
13 19
10 53
6 12
86 7
55 32
92 78
79 44
15 19
89 55
2 74
84 21
39 32
73 2
94 60
87 54
89 28
86 85
8 40
68 61
86 98
28 64
58 7
18 56
20 34
29 65
64 19
74 23
26 66
41 4
41 21
37 69
46 28
42 85
48 76
42 71
33 84
33 78
7 78
61 3
89 85
82 67
35 43
57 54
82 5
20 8
53 38
82 28
28 2
65 19
2 53
80 30
78 62
15 24
4 2
17 35
50 52
88 42
66 90
54 33
66 57
29 69
31 51
10 31
76 23
59 31
59 71
4 46
94 98
12 89
4 16
46 33
67 27
43 73
38 63
84 63
7 98
56 84
78 51
48 69
10 6
40 42
30 65
17 95
61 49
82 2
63 27
99 49
43 22
88 37
49 43
12 56
41 37
69 27
75 91
1 80
58 99
32 36
87 80
33 32
7 76
51 34
50 88
16 79
35 58
73 73
29 90
85 39
8 1
36 57
64 10
40 14
40 50
3 64
35 64
77 39
56 54
25 86
55 39
74 75
75 10
3 34
9 16
52 46
16 74
21 44
79 10
82 28
7 99
41 46
53 56
16 78
83 95
2 13
80 16
37 77
7 98
30 7
58 32
16 3
80 72
84 96
63 84
66 43
76 67
38 62
25 29
66 3
30 79
92 47
81 22
16 49
55 46
58 0
39 74
30 99
33 7
53 1
53 75
9 13
63 56
58 49
47 74
8 60
14 62
29 61
48 82
87 66
62 58
99 54
84 0
21 47
35 35
4 96
36 37
71 95
28 76
62 79
48 33
94 50
22 73
39 70
87 43
56 70
37 82
54 36
77 56
58 81
89 61
9 25
20 71
47 97
50 42
60 79
55 51
23 81
65 22
61 83
69 70
76 67
40 3
73 46
3 78
1 46
85 59
1 14
57 0
9 79
71 86
85 69
84 35
24 37
86 55
66 79
75 31
94 2
27 79
57 49
29 8
33 18
33 63
38 98
84 53
98 0
29 96
38 62
8 83
40 74
46 71
84 46
60 78
7 20
25 52
39 85
19 96
42 28
78 72
9 86
51 22
94 58
100 85
89 65
42 60
20 48
77 70
78 45
28 70
78 99
51 45
45 36
1 54
21 50
100 46
74 8
61 35
80 80
30 55
27 6
78 53
75 66
83 88
19 79
63 87
4 84
61 50
44 41
72 20
22 11
14 74
94 39
27 39
8 85
29 64
49 54
32 24
34 54
11 41
65 84
9 95
36 83
47 39
77 61
87 8
72 46
30 82
99 96
71 26
59 31
99 91
97 12
73 34
48 18
18 22
95 41
95 40
60 7
5 65
62 34
98 10
56 45
14 76
2 27
72 34
25 16
29 88
41 65
80 74
34 16
44 46
85 50
60 3
76 90
10 95
9 32
26 59
61 30
47 50
96 62
54 33
5 53
82 83
7 92
37 14
84 66
49 48
47 58
13 35
41 47
15 24
72 17
30 79
20 26
84 42
39 19
78 84
88 66
81 36
49 30
37 51
1 17
1 94
9 85
69 89
51 37
52 90
89 0
66 30
84 26
91 23
37 2
26 86
17 59
1 80
69 58
34 40
61 69
63 32
63 92
28 93
5 10
89 88
3 78
82 71
86 68
82 90
100 17
49 0
61 52
3 62
85 36
6 6
41 43
64 92
37 62
94 74
31 24
25 54
53 1
55 63
37 53
14 37
10 87
76 58
23 29
27 33
80 61
17 61
33 92
40 59
7 19
99 65
26 5
73 61
37 1
28 58
62 80
55 18
9 65
9 43
88 22
29 39
21 64
81 28
60 35
55 30
21 0
12 14
86 83
13 7
94 96
21 63
16 47
57 3
35 17
91 12
59 42
68 43
54 53
84 92
51 23
68 76
51 36
72 24
50 7
17 34
39 33
51 83
48 21
19 78
38 87
34 89
5 67
53 6
94 21
5 89
97 8
77 69
93 72
16 56
95 13
21 37
74 73
33 69
85 46
54 22
12 38
30 1
30 99
72 18
33 59
85 86
14 73
76 93
59 83
42 2
36 85
72 88
26 82
63 30
64 5
82 31
20 78
28 25
41 36
41 1
10 96
23 48
16 12
22 72
78 65
88 21
93 95
87 75
75 20
17 58
97 7
35 98
61 8
35 41
62 88
39 93
55 63
87 79
12 39
14 98
100 43
30 2
88 34
62 94
65 62
16 53
23 73
44 93
29 11
44 88
42 72
48 4
63 21
69 74
29 83
58 0
94 49
22 37
15 8
13 46
91 96
91 46
86 89
23 86
3 47
17 83
97 24
46 21
70 41
10 30
4 8
16 37
8 97
62 17
18 87
59 49
79 95
46 66
75 28
50 7
35 61
68 29
2 84
98 17
24 51
53 71
8 39
37 73
75 9
61 95
62 13
90 9
44 90
50 64
18 42
37 90
65 80
93 8
66 48
39 2
97 36
78 84
35 98
60 60
69 29
19 14
10 20
28 49
74 1
25 37
30 87
54 79
100 81
30 90
16 84
31 25
93 55
61 22
21 81
19 86
63 60
65 60
67 45
57 89
61 61
78 93
48 3
27 80
46 99
49 35
52 83
84 59
60 69
19 57
87 46
48 59
6 70
98 74
60 29
27 50
5 25
66 67
51 26
58 14
62 99
53 28
72 67
67 47
42 69
71 52
41 40
4 56
8 76
10 43
94 78
100 50
54 10
11 57
56 27
9 50
36 44
6 29
49 67
80 93
19 27
41 56
78 27
43 55
39 73
82 53
97 29
30 22
29 87
95 60
62 64
4 78
56 26
37 74
2 26
62 33
55 0
30 36
86 90
37 6
69 46
28 1
24 85
87 35
28 17
65 31
78 95
9 28
14 38
57 86
100 21
27 27
86 51
17 46
30 3
25 60
52 33
22 51
20 40
3 24
12 95
98 60
27 50
22 71
14 71
50 90
26 61
5 28
53 69
42 35
62 20
48 85
94 33
48 74
84 29
40 29
37 73
40 19
6 75
84 16
44 90
52 77
66 24
33 50
26 9
21 46
1 18
6 21
21 92
96 91
32 16
44 42
95 64
58 6
11 43
7 97
24 81
20 40
40 63
54 99
38 39
23 41
88 29
47 85
8 90
40 57
41 56
96 68
67 47
60 31
8 6
87 47
47 51
13 95
53 42
50 22
1 52
47 17
70 85
55 79
54 19
51 25
55 6
92 85
27 66
75 6
100 88
99 67
51 26
3 26
88 9
43 27
16 76
61 26
43 10
89 21
57 4
42 75
33 51
12 23
64 42
2 33
1 81
60 72
9 50
99 76
54 31
38 90
93 57
78 43
93 52
90 34
100 9
96 22
36 13
87 97
7 63
33 50
35 85
18 2
13 59
56 90
63 58
11 4
1 49
100 17
77 87
82 90
22 84
81 72
23 9
86 47
94 35
72 53
83 4
37 41
44 78
90 27
2 1
2 83
77 16
62 23
22 55
85 65
13 24
13 10
43 23
9 85
38 29
96 8
53 61
85 5
36 47
30 16
12 27
70 5
63 29
21 26
94 59
90 24
40 82
68 59
96 19
48 67
48 66
48 9
44 58
49 51
78 85
26 21
80 77
24 1
13 52
63 2
37 9
78 81
87 20
27 41
40 85
59 97
6 68
93 84
45 81
22 37
7 28
60 13
10 12
68 3
69 10
99 38
64 19
9 54
42 54
53 77
58 57
1 16
18 91
81 27
71 80
48 65
25 92
76 45
52 54
58 19
5 86
73 23
26 54
3 18
41 27
3 90
12 30
23 27
98 57
42 79
27 1
99 18
89 78
92 89
47 84
81 69
95 68
69 21
48 31
48 61
52 55
36 29
90 94
89 2
40 53
23 11
80 97
6 84
52 82
38 72
54 22
59 14
5 17
76 32
2 56
31 7
79 26
24 70
65 11
83 25
59 40
69 13
75 40
71 27
68 11
97 63
18 52
38 73
45 80
49 95
39 50
21 64
46 25
95 16
37 19
64 60
86 60
94 78
47 42
96 36
27 65
89 86
90 54
91 97
53 26
32 18
59 25
18 5
53 20
13 40
69 60
45 19
31 41
92 78
61 63
77 77
83 93
63 12
31 64
57 36
40 42
30 59
92 48
22 76
72 70
35 30
30 15
26 95
33 33
39 0
72 55
24 72
18 46
70 78
8 45
34 53
10 29
30 28
59 45
24 79
47 39
56 1
95 92
91 51
91 35
25 77
65 34
27 88
47 80
46 0
39 95
84 29
54 66
84 85
58 55
78 85
98 0
89 82
92 15
20 62
35 56
16 68
27 67
36 85
5 80
92 97
68 40
72 62
62 93
85 36
69 29
42 18
69 24
32 25
71 40
68 30
20 42
87 47
99 16
60 91
2 13
87 66
4 42
10 86
93 31
15 31
31 45
88 30
96 7
23 17
1 51
44 39
14 93
78 59
89 95
22 82
13 4
11 19
83 87
9 51
91 35
69 43
13 9
38 42
51 62
10 75
53 88
20 87
53 72
70 83
32 97
5 31
69 16
72 15
68 72
26 27
96 93
56 47
14 66
82 8
15 68
31 54
12 70
76 15
52 23
2 29
80 35
48 20
88 18
55 19
23 89
53 93
95 50
37 64
43 65
98 82
22 98
16 20
5 27
3 52
77 83
90 86
87 31
28 27
33 76
43 87
89 46
70 18
82 70
37 13
79 52
16 23
93 51
16 43
90 85
59 57
15 31
23 37
14 90
85 11
68 89
68 78
34 95
93 96
40 84
27 92
71 52
100 23
85 52
91 15
87 18
42 42
62 59
16 99
47 72
2 72
1 22
27 17
77 92
17 32
45 24
52 35
15 17
92 66
8 88
98 21
69 48
89 71
18 12
41 36
66 85
69 30
76 14
70 67
11 60
12 11
97 94
19 26
50 46
90 56
4 83
48 49
15 64
19 56
83 97
2 92
30 40
92 58
28 66
63 38
19 97
80 64
12 19
20 90
20 97
59 94
59 58
73 95
6 74
98 25
17 87
100 14
36 67
100 42
63 96
74 32
82 74
89 51
79 39
47 11
34 1
71 46
22 48
94 6
82 2
8 87
13 57
46 74
15 45
93 44
92 59
21 13
79 22
89 60
60 81
9 9
64 29
38 82
90 45
53 23
6 4
2 9
9 92
52 2
56 53
34 91
39 84
14 10
75 86
38 79
44 21
96 27
97 11
7 53
17 46
60 21
78 12
87 99
86 19
30 44
38 68
89 71
100 18
92 55
61 51
69 45
63 79
75 90
1 1
99 31
57 31
95 74
11 33
53 17
96 58
61 97
70 99
100 0
80 18
52 32
22 71
82 0
5 49
39 10
57 48
86 85
33 38
60 79
97 13
90 7
15 58
76 32
100 56
68 47
85 51
89 44
17 91
89 42
27 64
70 62
25 16
72 37
20 86
65 79
99 22
83 33
4 30
56 50
14 72
16 82
32 97
19 16
35 71
70 22
83 2
95 23
72 5
1 89
28 72
89 52
30 58
60 32
69 86
95 75
35 87
10 83
77 53
6 67
96 46
64 72
2 18
98 20
95 19
36 79
84 82
45 23
45 87
61 58
79 23
91 54
85 49
44 65
48 2
39 38
55 34
76 68
4 69
51 42
89 98
86 73
71 27
4 51
89 10
13 9
62 97
75 40
96 34
71 60
1 65
48 65
80 86
74 43
10 22
55 9
63 30
59 18
15 72
70 69
45 27
22 44
31 58
88 57
22 62
19 84
77 37
72 67
96 38
85 75
50 45
97 61
64 87
79 39
19 68
47 57
90 3
21 63
80 25
52 16
96 56
47 41
50 42
20 89
47 49
55 18
74 35
2 49
33 44
17 2
11 12
63 19
3 59
45 2
47 7
17 86
24 22
73 24
57 77
38 47
16 96
34 23
88 83
76 46
38 59
70 12
35 59
59 46
89 46
49 86
22 26
23 62
66 42
91 3
63 81
69 81
88 40
87 50
62 26
29 19
61 98
6 86
90 69
90 22
84 59
60 77
19 42
64 78
49 85
6 92
34 83
45 10
90 67
45 51
18 75
77 61
85 18
49 3
38 95
77 33
43 62
67 53
52 9
46 76
74 20
85 82
80 26
7 98
47 2
54 10
58 87
14 84
36 92
35 79
38 25
27 1
66 22
50 21
79 58
84 72
96 53
74 33
43 74
41 31
2 77
68 28
4 73
22 15
6 42
75 74
58 41
60 83
26 9
5 65
86 38
75 71
8 77
47 33
81 8
82 75
12 36
12 48
70 37
4 39
100 25
14 76
18 1
40 94
23 33
83 33
51 99
42 77
41 76
45 74
88 23
3 22
48 51
26 33
87 48
44 0
6 57
100 10
50 85
75 83
12 3
98 38
97 89
85 18
20 2
28 93
90 84
14 70
75 61
74 49
22 57
99 61
27 2
17 26
98 95
22 2
13 44
92 70
11 10
4 41
36 11
47 73
1 46
34 65
96 24
79 7
37 36
76 3
64 7
16 66
26 54
96 66
12 62
61 23
31 29
79 43
82 18
32 66
63 53
47 47
4 47
50 16
3 22
63 38
40 86
54 5
31 27
2 4
18 26
15 64
68 79
87 75
34 5
5 28
6 26
13 62
70 85
11 2
100 71
20 89
28 58
96 71
95 52
6 11
33 48
60 25
2 2
99 51
10 2
99 15
28 61
65 60
27 51
66 7
19 17
24 29
75 82
7 44
7 49
50 33
65 75
29 46
89 14
84 12
45 83
22 55
88 32
22 13
39 62
47 5
62 58
10 82
22 99
26 37
67 85
30 52
53 45
62 91
16 78
92 41
93 58
97 73
58 49
17 43
77 32
69 38
24 34
71 35
84 22
19 84
63 16
72 64
98 33
47 97
65 70
85 12
91 56
29 83
41 64
68 87
66 6
81 25
85 76
1 13
58 17
63 43
28 79
6 95
39 18
80 54
43 7
55 58
34 41
78 55
63 32
45 84
49 56
19 95
93 12
18 24
59 57
62 33
60 25
91 66
5 10
72 92
10 44
80 26
2 78
56 88
67 41
84 64
70 86
11 86
88 83
57 39
68 62
96 30
56 38
3 48
96 19
100 10
78 5
82 89
64 16
47 94
13 72
99 36
22 32
32 63
30 72
35 79
16 84
53 30
65 7
47 63
87 46
36 32
47 79
8 95
24 82
90 69
33 28
88 44
13 1
47 79
11 40
18 60
40 11
28 90
29 28
58 72
26 23
3 14
25 37
70 32
5 7
90 90
39 73
42 59
98 59
36 65
23 70
88 53
100 6
38 92
98 95
24 67
50 58
59 61
36 32
21 27
56 19
27 19
59 56
93 6
86 56
71 45
18 86
65 59
83 11
15 46
66 11
66 35
39 7
14 47
92 59
4 64
8 21
21 50
29 1
22 12
44 66
44 63
12 61
79 86
29 32
43 6
95 41
70 53
92 66
33 10
30 3
23 25
22 55
16 66
1 6
48 47
53 95
6 47
89 98
4 53
27 51
13 26
3 7
50 28
89 63
92 37
44 39
31 0
97 91
87 75
19 86
23 24
44 96
30 22
33 26
83 37
85 66
26 86
36 44
42 25
31 18
46 12
35 27
10 94
90 90
67 13
51 18
75 14
30 46
16 70
97 88
17 53
70 94
54 52
68 57
24 56
14 46
68 43
19 72
14 74
17 61
36 84
1 60
97 55
83 75
88 89
7 12
48 22
87 28
57 49
25 17
54 25
17 41
86 59
36 37
19 81
73 94
38 13
9 95
32 16
2 40
5 82
72 27
58 36
59 22
14 42
30 1
91 71
93 69
52 10
75 74
47 71
66 2
100 59
95 56
96 36
71 4
68 77
97 89
59 83
47 21
47 50
90 76
4 47
25 96
2 86
90 72
52 71
9 81
3 89
95 86
26 36
15 81
73 46
60 80
89 90
90 36
62 80
43 18
68 92
14 28
47 74
58 31
74 90
22 78
31 93
30 14
85 72
42 18
16 74
38 54
70 86
69 77
40 19
44 28
91 95
47 54
73 10
60 61
3 0
100 27
72 70
58 75
1 60
83 26
1 63
8 3
5 54
39 83
100 48
21 85
73 16
53 58
34 90
86 5
25 52
83 91
18 77
88 93
83 43
66 51
47 3
20 70
90 71
37 49
36 40
9 46
63 22
19 68
42 94
98 72
55 15
56 77
92 96
9 69
29 70
48 91
87 13
96 95
26 89
74 77
98 0
14 34
23 2
66 96
99 14
46 60
21 84
83 63
95 13
67 10
9 32
17 16
37 1
30 95
84 36
83 81
47 54
3 21
68 44
74 81
79 51
4 1
80 17
23 79
71 23
43 29
11 50
8 12
93 59
92 77
64 39
11 55
99 88
60 44
91 72
53 61
7 56
38 53
79 96
53 10
80 74
98 85
9 16
2 96
43 3
64 93
87 90
3 25
37 5
37 22
70 21
50 23
71 89
70 11
58 57
44 17
17 58
22 82
9 49
10 8
66 74
80 20
92 87
59 20
75 61
70 68
28 55
15 38
59 86
62 80
85 54
9 54
15 43
25 37
66 50
65 0
55 55
2 93
87 80
2 80
27 33
75 69
33 88
69 83
58 87
36 94
57 40
55 70
94 37
1 66
16 15
46 28
58 21
16 97
16 38
37 21
30 3
16 45
97 74
39 83
18 16
31 85
41 74
95 56
18 1
4 19
44 43
46 27
46 10
89 71
56 64
23 99
88 33
9 65
49 65
21 0
17 18
38 80
29 2
32 74
75 37
88 78
9 27
28 95
69 1
92 80
90 87
60 78
52 13
46 21
32 59
92 35
55 23
79 35
2 17
87 75
12 43
63 91
95 67
41 3
57 79
27 35
10 7
81 93
23 81
47 95
7 18
16 44
54 49
45 22
10 87
60 7
66 26
60 37
95 62
5 70
43 58
73 76
56 47
74 26
53 24
88 13
76 10
24 95
60 15
4 10
88 11
70 61
41 82
18 12
56 1
3 13
7 96
98 76
17 88
66 11
54 63
10 39
97 77
89 92
75 81
96 39
93 2
1 14
57 96
31 61
94 4
59 65
40 99
66 94
80 82
6 22
10 56
95 16
26 93
94 58
92 76
8 4
67 79
10 91
77 98
6 7
89 78
70 12
60 85
72 43
81 16
41 73
8 29
84 88
49 82
32 75
98 94
42 73
53 15
89 30
3 98
99 54
6 72
56 43
5 33
2 10
69 3
92 61
5 96
13 40
100 13
34 26
28 49
49 23
83 22
57 88
73 63
85 75
16 41
84 38
12 75
51 7
19 63
83 74
81 43
15 39
62 90
25 86
97 40
65 97
89 91
30 77
100 93
42 61
19 67
59 5
56 8
75 7
35 87
100 16
8 97
20 97
95 97
13 56
86 71
14 79
12 32
97 89
19 72
89 77
64 76
16 0
83 66
10 9
81 52
94 43
14 18
69 27
68 21
44 5
43 74
52 62
91 10
10 60
4 68
90 70
5 72
7 58
47 75
48 5
90 49
19 71
86 75
7 12
96 35
21 7
95 65
47 9
15 92
24 34
45 77
93 81
28 28
86 9
81 26
9 60
97 24
23 19
21 38
52 53
43 3
10 15
24 72
83 21
90 24
76 90
19 52
42 53
45 20
10 35
61 59
61 98
66 79
63 29
7 21
42 25
90 96
7 9
4 12
100 37
66 23
25 42
94 64
53 14
58 72
22 38
10 90
17 6
18 90
63 44
87 63
7 45
39 47
21 25
8 36
79 54
98 12
72 96
45 69
10 89
9 71
39 80
10 87
63 92
12 86
94 87
43 88
77 84
60 87
44 26
64 19
82 23
43 56
68 10
89 51
53 37
81 10
64 90
63 31
40 5
44 79
24 99
81 36
98 46
69 1
43 46
35 36
14 64
4 51
94 42
42 18
70 74
99 12
55 48
2 88
56 16
74 73
95 13
74 27
40 72
32 41
35 68
63 4
79 2
17 48
10 89
48 26
57 73
66 94
80 27
58 24
23 13
83 15
72 35
66 5
86 9
67 71
47 39
14 84
45 32
70 52
95 51
11 4
30 38
10 48
24 16
61 54
98 97
62 42
13 34
24 43
19 86
25 66
52 13
92 93
85 54
72 39
73 56
66 2
77 7
23 66
62 6
57 98
63 95
67 37
74 78
2 8
81 14
51 39
81 24
27 65
45 81
54 4
21 48
63 54
99 3
94 79
15 56
75 96
11 36
71 6
14 7
54 8
15 13
36 89
23 1
54 38
2 21
72 32
71 83
60 59
70 31
89 52
7 98
27 81
67 31
73 6
58 32
21 19
60 84
100 1
93 52
68 31
5 69
90 35
38 9
89 9
79 41
91 24
49 67
33 95
65 12
57 60
97 19
54 89
14 6
15 39
100 37
94 40
88 1
9 32
2 21
16 69
14 81
13 24
38 37
72 64
55 96
11 94
92 23
7 62
80 68
2 26
63 80
12 45
41 9
32 80
96 81
63 21
72 65
81 20
69 82
57 91
23 86
92 21
27 83
74 95
22 33
71 27
51 45
93 75
30 34
83 3
64 95
71 27
31 48
54 79
70 63
84 84
43 55
91 20
9 9
100 79
72 49
97 62
55 72
66 64
33 48
51 20
29 9
64 61
37 91
84 10
7 21
9 35
85 22
16 80
70 75
33 69
94 61
21 82
28 9
72 2
76 85
35 28
16 65
86 93
100 92
96 13
41 58
99 0
59 4
16 61
63 10
88 59
84 44
49 65
82 59
44 56
45 20
15 74
92 24
16 58
17 67
80 79
30 15
52 16
59 20
9 54
56 90
23 17
94 51
24 20
72 44
5 26
26 42
99 88
14 98
88 9
45 87
23 21
66 0
10 65
7 98
25 68
84 87
8 53
92 81
30 86
70 2
70 0
37 33
60 8
93 99
40 76
38 12
94 71
53 97
21 45
37 63
80 23
35 61
12 76
22 6
55 5
49 66
6 15
41 29
61 54
6 3
29 48
22 42
11 20
89 85
7 71
67 66
28 51
2 56
94 63
28 31
100 21
9 80
26 85
77 57
34 7
40 14
14 14
96 11
33 85
29 94
22 43
40 27
51 59
65 96
48 61
78 43
12 84
41 92
14 36
7 81
88 87
32 72
4 69
35 40
68 58
3 54
24 38
28 55
57 11
87 36
56 26
68 59
68 32
94 34
45 87
58 85
58 66
70 32
96 77
29 87
52 78
51 43
79 62
14 2
76 77
49 10
99 18
14 66
70 85
7 26
97 62
26 74
100 55
9 48
88 86
53 19
6 50
38 31
35 45
96 42
26 63
90 80
17 49
16 85
4 64
85 24
80 89
91 96
82 71
5 38
64 44
94 17
17 30
76 12
90 37
53 70
58 93
39 40
86 83
91 10
54 21
91 40
79 24
96 38
45 61
95 39
62 48
46 44
70 89
60 32
90 40
33 83
20 33
7 64
97 97
85 0
74 40
86 50
13 24
59 40
80 70
55 0
16 5
8 24
87 76
86 80
64 41
20 55
77 65
55 61
87 22
83 96
74 8
17 29
4 87
31 99
75 26
48 11
35 94
72 66
10 91
71 36
80 48
70 45
72 57
46 83
84 13
5 57
69 54
29 30
54 91
24 22
79 45
62 25
79 65
41 86
15 97
51 0
58 62
47 34
97 55
61 18
4 8
72 48
23 2
13 26
40 95
74 73
10 58
75 22
64 85
45 6
96 23
37 99
45 1
67 53
72 68
27 66
54 87
66 15
73 95
74 55
26 7
49 21
71 33
64 94
85 11
39 80
39 24
50 95
23 71
26 3
66 51
53 71
44 40
33 13
90 42
88 78
28 3
73 37
35 96
51 92
15 9
99 52
79 46
65 71
78 27
24 39
82 50
7 1
52 36
63 3
70 66
26 39
93 0
94 94
84 89
24 46
10 73
97 81
72 55
23 90
66 89
89 13
88 10
28 91
99 92
38 16
22 1
28 34
50 52
32 91
84 53
58 75
34 21
73 15
59 3
59 74
89 97
93 46
57 55
64 19
32 55
64 89
24 72
95 91
15 93
11 65
54 83
14 86
70 79
95 79
19 79
10 41
41 19
20 69
56 4
32 47
57 61
75 5
22 70
99 46
60 90
68 7
71 4
76 80
28 74
55 96
80 31
19 84
99 48
18 23
41 86
100 1
32 78
21 16
20 25
99 95
96 63
9 65
21 28
70 54
38 43
57 43
22 27
27 43
71 98
60 79
100 28
47 19
18 34
76 67
88 74
68 33
21 4
75 12
39 30
35 86
1 48
45 23
26 90
17 14
77 3
36 50
14 92
38 78
83 98
22 49
72 8
53 14
25 58
22 87
37 7
53 37
64 30
11 80
75 21
38 29
56 50
55 34
46 87
36 50
66 64
13 10
75 81
74 60
13 19
55 70
76 95
44 91
73 42
16 35
42 43
34 44
46 15
77 98
12 24
70 23
45 98
24 87
82 94
37 36
40 25
60 58
79 77
21 84
18 87
14 59
85 37
48 55
37 54
15 39
81 65
91 57
14 23
2 52
16 46
43 23
52 14
66 87
82 10
12 32
80 81
54 5
42 3
44 82
6 16
95 91
47 95
4 20
10 11
25 32
73 95
15 51
3 52
94 60
30 22
28 83
27 72
92 52
8 44
95 24
72 31
55 58
93 41
4 87
4 82
64 79
57 94
63 1
66 95
26 13
61 88
57 72
30 36
5 92
72 49
37 83
73 25
97 87
56 73
8 28
50 9
83 77
29 2
23 37
29 81
80 82
77 29
64 97
7 66
95 82
44 86
85 97
75 41
74 22
10 92
43 9
26 6
10 3
59 92
32 75
83 71
34 24
70 37
97 0
20 56
23 37
86 43
80 71
7 91
91 8
90 13
74 36
1 95
49 5
50 8
73 42
90 10
78 23
62 67
71 30
18 72
54 90
38 39
97 42
64 35
66 52
68 70
41 55
91 3
87 2
51 49
63 48
96 21
98 57
23 72
35 88
64 9
54 48
78 18
9 92
88 17
93 54
92 72
79 91
35 78
22 94
64 76
58 59
26 40
92 57
44 39
76 24
64 47
17 55
52 30
39 14
81 34
83 91
19 38
8 68
23 92
25 50
60 73
1 89
71 87
78 56
26 58
75 59
40 42
53 12
91 29
64 8
28 20
59 11
64 69
41 34
69 69
8 93
59 35
32 32
61 6
18 60
91 83
71 57
89 47
32 38
56 15
43 89
13 5
59 96
28 17
38 37
14 82
7 27
33 83
100 78
78 9
47 37
53 30
33 26
47 96
48 62
69 6
9 23
48 92
58 76
61 21
46 1
61 93
90 5
79 77
89 97
99 85
60 22
12 48
12 62
86 11
99 31
4 24
81 17
80 9
7 59
53 6
97 10
36 60
2 34
100 8
26 26
36 8
7 11
50 13
81 36
17 47
27 61
52 33
96 2
30 29
68 8
95 88
21 31
93 18
69 87
13 17
24 73
60 64
51 20
17 37
96 6
25 88
82 13
58 51
97 68
42 58
24 11
24 50
11 50
25 99
100 27
76 16
2 2
65 32
72 19
100 27
24 30
6 82
31 94
33 84
53 25
76 14
51 65
95 21
45 97
44 71
3 58
23 80
33 69
5 20
93 69
39 32
21 22
92 53
45 41
93 92
88 78
8 39
92 69
88 77
11 38
58 67
26 93
78 74
80 65
49 73
56 80
39 63
28 20
26 26
62 77
46 13
77 84
21 31
57 32
83 89
5 43
50 9
86 76
75 26
96 60
92 65
8 31
55 73
81 25
81 55
81 19
89 61
12 13
12 45
29 77
16 98
65 37
73 63
53 25
68 79
24 20
76 34
89 63
95 34
71 9
14 94
54 74
41 72
43 98
73 65
16 84
20 0
66 76
51 60
48 10
68 62
57 63
79 43
95 63
32 18
22 17
18 54
17 14
22 27
7 31
56 16
6 10
87 74
98 32
72 52
75 67
3 75
98 87
18 72
78 95
41 16
88 6
32 39
57 32
93 86
74 3
100 96
91 94
7 53
9 37
15 51
63 7
94 97
80 37
61 5
14 76
38 29
46 71
22 45
28 63
68 33
8 88
2 3
71 5
46 81
32 15
2 73
62 62
32 57
31 14
96 38
87 10
99 24
6 19
70 77
81 19
61 27
32 81
94 16
74 70
39 93
26 74
31 47
34 85
61 26
6 88
30 35
65 51
97 74
92 18
54 77
16 49
80 53
95 13
4 91
96 85
74 6
96 45
47 3
5 27
82 77
17 28
84 1
44 89
75 75
63 39
22 11
53 41
67 26
56 26
40 52
17 75
96 71
86 26
41 91
57 64
57 14
73 38
6 99
44 64
33 26
72 0
60 42
96 89
56 20
92 38
9 23
74 11
83 90
91 67
79 30
36 17
80 13
18 33
52 56
78 83
83 44
59 67
50 38
85 3
82 72
70 50
92 17
69 54
22 36
48 74
63 20
48 2
3 93
19 59
70 38
4 90
6 45
26 37
33 27
48 87
98 73
35 54
17 52
91 87
94 96
8 93
74 54
63 38
16 99
36 23
51 73
55 74
49 56
12 15
1 38
21 48
23 89
63 26
80 42
12 74
37 68
7 9
100 34
23 85
1 38
63 24
52 47
23 94
65 2
83 7
94 77
85 42
57 9
93 22
72 50
45 80
58 25
91 90
88 34
51 27
85 71
89 55
13 42
97 23
28 7
79 6
35 62
58 90
20 24
61 66
6 16
32 80
93 91
85 44
35 76
50 45
5 30
24 53
5 48
7 15
68 82
81 84
69 68
69 27
61 48
16 38
30 68
98 59
22 65
20 51
6 2
34 91
76 83
60 48
30 27
34 61
68 84
33 12
76 43
30 82
42 94
86 38
68 35
32 0
50 88
41 71
74 43
66 79
90 1
1 41
78 86
75 35
69 41
18 88
100 91
18 30
90 13
82 73
80 39
20 87
64 79
39 91
26 99
38 60
43 9
37 72
70 1
56 1
54 64
12 23
9 12
51 31
30 39
52 69
97 66
23 29
25 79
99 37
49 27
33 35
52 82
47 45
38 28
27 67
43 74
40 4
50 14
90 98
76 25
65 76
88 3
10 30
35 68
80 3
46 9
97 10
59 89
61 72
29 28
34 70
100 11
30 53
52 34
32 34
7 58
97 87
93 30
67 72
84 73
76 27
46 51
97 5
63 22
31 65
81 43
23 82
57 58
61 64
75 83
55 8
55 51
55 31
44 75
20 73
76 59
63 31
77 64
5 82
81 72
66 35
32 55
96 90
67 44
86 94
39 45
36 11
29 32
56 66
93 82
39 37
17 14
34 80
38 52
65 92
23 56
45 12
35 19
15 2
89 85
40 28
19 4
72 83
87 28
63 77
31 16
54 67
25 22
37 86
38 11
69 32
60 22
65 42
45 83
30 70
88 64
52 92
12 16
25 25
68 28
17 8
79 71
96 55
3 6
95 21
34 69
81 80
8 53
22 79
92 7
99 43
95 30
65 95
10 77
29 88
93 84
5 46
45 65
52 10
11 34
4 65
16 91
73 80
83 30
67 5
10 88
33 33
42 38
20 24
73 16
50 45
100 63
24 37
20 97
60 59
58 88
49 74
76 15
45 15
46 9
37 21
84 88
79 63
5 77
56 13
73 48
38 31
40 34
33 16
90 31
39 62
3 86
98 80
60 75
13 25
24 61
27 91
90 49
83 29
16 15
6 57
61 48
56 79
49 69
49 14
69 96
25 72
82 33
58 63
30 42
93 59
78 59
85 95
83 74
40 99
40 36
30 12
2 74
7 19
51 39
100 69
22 6
61 21
52 60
26 98
87 80
86 28
94 39
97 93
13 59
18 23
64 27
71 93
24 38
5 66
11 81
29 79
5 19
5 55
27 0
89 39
3 21
6 44
18 16
72 29
70 0
84 58
17 57
69 41
47 42
65 37
84 11
56 57
21 85
16 93
29 57
20 8
49 66
90 52
22 3
1 71
95 29
32 46
77 25
97 53
67 43
58 38
71 40
6 12
72 46
10 76
26 2
30 26
47 53
14 51
44 48
57 30
96 59
85 26
82 28
75 71
71 14
42 93
98 1
3 98
12 93
75 2
48 60
56 25
51 28
3 66
86 34
55 56
72 16
83 7
68 66
94 0
8 30
28 37
35 41
42 44
98 42
31 43
25 90
13 62
18 14
67 40
23 26
65 27
24 62
50 76
57 3
51 64
2 23
88 6
10 42
55 73
49 90
26 93
64 38
78 83
8 35
51 54
11 83
23 9
40 0
54 17
79 18
93 99
96 89
22 93
53 26
84 87
95 35
88 27
42 42
47 56
48 39
32 47
23 51
70 8
80 54
87 67
41 76
76 45
64 32
70 81
38 45
66 29
82 71
69 50
85 18
50 23
20 30
12 7
78 64
61 97
4 44
93 74
83 20
26 62
40 41
23 23
4 96
100 87
19 5
85 80
75 24
18 31
26 49
28 95
32 70
65 32
59 91
56 8
78 91
28 97
13 70
59 25
35 71
19 60
50 89
96 29
88 77
97 0
26 99
5 6
46 66
42 41
98 1
4 59
17 17
57 80
3 93
25 86
92 30
82 58
34 87
38 43
42 0
99 93
94 47
1 72
30 64
35 52
45 36
57 47
88 89
78 17
37 61
65 44
66 12
86 91
77 43
3 65
55 95
30 0
44 95
22 22
38 68
28 5
72 83
52 59
56 92
66 6
12 98
19 59
73 78
94 68
53 42
55 28
50 23
23 95
62 86
83 8
86 61
39 39
7 66
99 59
11 86
27 69
65 76
88 83
45 75
32 73
95 66
46 62
16 56
72 27
42 85
3 44
44 76
29 68
73 1
27 28
28 78
73 91
21 47
58 53
63 96
96 6
18 65
85 51
15 21
13 88
72 82
36 28
50 28
16 86
83 80
68 53
8 5
33 76
47 48
86 5
50 97
95 51
56 38
86 85
9 31
1 90
58 95
72 0
15 62
40 51
1 20
43 79
12 63
94 12
94 9
20 25
95 78
84 88
79 97
26 31
70 53
89 1
42 58
5 7
40 70
40 61
55 88
26 37
33 23
81 7
85 96
48 44
40 54
88 25
88 54
98 78
56 60
52 13
53 37
2 45
4 80
73 49
32 59
6 35
67 22
26 29
49 88
2 75
95 98
79 41
39 62
96 72
89 80
19 82
99 31
19 99
99 3
54 76
13 51
4 98
60 28
20 22
90 9
87 68
31 85
84 50
27 7
65 9
84 61
85 0
8 81
23 72
33 71
32 88
46 68
46 89
18 64
99 21
63 88
5 67
25 32
40 91
62 35
74 72
81 46
47 90
99 29
68 65
95 62
43 74
47 88
9 52
80 39
21 96
85 7
81 10
99 3
90 27
54 37
57 45
81 24
12 22
34 89
61 77
11 66
49 89
59 72
62 76
58 69
23 89
93 0
100 60
75 69
26 27
48 69
36 73
91 66
77 14
95 7
94 24
32 12
97 23
32 33
63 89
49 97
75 94
40 85
8 94
37 75
21 59
96 35
89 3
3 5
42 3
6 33
19 31
71 11
9 91
92 6
26 14
52 68
13 13
1 92
39 6
35 5
99 56
49 87
74 7
10 93
74 42
21 90
32 69
2 24
13 68
56 31
30 51
63 54
92 11
51 12
95 4
59 10
51 40
84 14
34 46
39 53
29 81
2 50
45 35
12 87
94 92
27 92
58 44
18 14
69 16
5 70
97 54
16 35
98 43
90 30
12 16
14 18
16 57
35 13
26 76
73 15
76 61
83 17
16 2
82 33
67 28
40 0
86 67
3 20
44 19
92 97
54 27
51 8
99 30
57 28
35 5
17 73
34 52
94 46
43 57
62 22
75 11
76 44
61 24
86 21
63 91
97 22
46 77
35 22
73 27
87 82
100 48
77 1
88 86
37 80
90 84
26 55
45 73
24 60
17 71
59 76
42 67
63 57
34 94
65 65
15 30
24 34
73 4
68 82
84 5
52 29
47 3
19 21
51 38
66 6
44 76
73 52
51 66
96 99
37 89
33 53
44 22
31 50
98 66
63 53
79 6
11 75
97 55
35 63
24 1
36 69
100 62
37 55
22 30
70 26
51 14
83 5
28 22
5 85
71 16
88 54
91 85
57 85
48 87
29 75
22 28
83 81
47 73
82 94
12 85
69 44
68 82
44 38
97 40
66 44
24 38
65 32
4 73
11 3
7 71
22 30
89 37
6 39
40 74
72 57
53 48
19 15
15 52
99 72
32 58
41 1
26 35
30 16
9 12
21 62
28 8
96 99
6 21
87 33
51 72
7 31
4 27
22 45
18 73
68 50
36 93
24 70
15 31
33 18
31 45
95 56
58 65
22 60
53 73
20 9
27 19
72 37
37 55
39 53
24 76
88 25
70 74
65 37
24 71
44 45
78 51
88 23
37 35
36 62
53 59
90 26
54 0
38 19
81 46
22 55
57 49
54 93
21 7
41 72
2 2
62 22
68 68
49 74
21 81
14 4
47 88
29 92
87 38
53 40
80 60
7 76
85 53
98 5
31 61
16 74
39 60
39 8
60 74
35 44
98 71
17 84
54 68
37 11
86 90
46 25
29 51
37 18
20 7
48 86
56 32
69 43
4 42
64 93
20 30
39 52
24 86
48 63
34 79
21 91
91 63
47 18
17 18
57 83
74 84
57 56
17 23
69 76
62 60
92 2
60 80
72 59
3 42
80 44
61 28
18 72
26 18
98 94
91 49
47 14
91 55
68 78
82 20
64 79
75 96
15 42
89 5
68 86
91 89
95 64
100 93
12 71
95 42
19 78
48 3
47 67
3 72
50 57
70 74
22 46
13 16
58 67
87 38
53 62
96 93
99 71
70 97
35 83
82 11
96 61
67 97
61 50
6 24
21 61
37 16
83 8
14 80
3 34
17 34
9 50
42 18
87 28
28 87
91 51
15 26
55 32
49 88
24 87
49 82
43 85
24 56
54 17
52 91
16 99
75 44
68 1
37 7
36 76
61 32
35 65
42 22
43 59
25 78
53 91
2 47
47 54
87 96
37 57
89 57
49 93
2 52
72 61
54 12
57 95
99 37
36 53
35 24
49 26
32 0
20 20
38 94
89 11
93 77
82 32
11 11
16 29
90 21
23 94
15 70
18 8
62 4
46 41
82 7
16 80
13 66
5 16
49 99
74 41
3 91
21 78
72 52
27 54
62 85
70 42
85 28
35 96
63 26
40 55
23 11
16 38
21 80
7 70
55 67
77 84
4 94
96 56
90 5
33 33
83 62
49 34
80 15
69 59
13 39
44 1
26 65
9 79
4 82
12 74
73 5
22 84
56 6
45 25
92 49
71 2
44 10
28 55
17 62
39 65
9 75
44 33
99 56
56 16
93 52
2 32
61 86
58 20
61 31
97 33
58 96
92 76
98 7
22 60
42 69
69 60
3 2
57 30
43 60
23 57
32 37
9 85
72 93
44 85
44 61
28 56
83 67
8 1
92 18
88 37
1 25
79 83
58 0
87 88
88 66
41 33
86 7
95 79
11 46
80 90
96 92
54 26
17 49
51 86
11 47
38 66
72 13
50 56
55 76
17 23
83 74
99 26
11 60
94 88
52 78
2 16
43 35
58 91
79 99
42 50
86 6
20 11
16 33
13 8
9 24
21 0
9 23
51 49
2 62
48 11
53 21
75 95
69 36
58 96
45 92
7 87
78 91
6 97
22 54
40 63
96 10
29 9
40 45
12 89
44 15
87 40
16 53
82 75
3 33
20 35
79 52
21 93
51 66
99 6
60 76
56 56
53 63
86 84
93 8
42 0
96 12
27 55
83 68
79 35
88 31
8 10
69 92
45 90
76 94
52 92
8 22
72 84
68 84
100 52
17 69
46 10
71 5
14 84
40 38
47 71
53 63
16 64
6 67
37 4
53 45
81 30
17 64
84 3
4 11
90 77
14 28
3 25
8 54
90 44
53 38
44 89
82 59
6 9
32 50
12 4
79 85
34 0
50 2
68 36
14 13
29 3
14 92
9 83
48 71
4 73
25 44
20 59
94 68
23 18
18 76
18 9
34 60
14 10
69 77
25 28
81 86
21 67
23 41
48 37
74 24
40 93
7 89
75 30
1 74
47 37
64 49
11 8
49 84
78 97
84 61
62 42
66 6
78 75
23 92
81 18
23 61
6 15
49 8
23 65
85 25
6 60
31 58
8 5
100 90
34 11
9 1
51 8
61 13
96 45
100 72
7 71
78 50
77 99
14 22
22 73
7 96
47 26
49 26
84 75
4 50
14 34
27 65
9 80
13 42
70 16
28 53
50 84
48 2
82 58
5 17
32 74
25 17
72 55
99 66
84 7
9 68
2 89
10 30
79 30
46 35
97 68
22 20
74 84
44 99
45 50
76 88
95 3
59 47
11 55
25 97
38 29
98 72
29 72
57 67
41 99
9 90
37 61
37 16
44 32
7 3
26 81
58 33
29 97
100 97
21 50
71 0
4 92
48 30
76 27
18 36
35 47
29 61
50 35
31 78
43 27
65 71
52 89
95 24
81 20
69 8
77 60
41 54
50 89
78 98
43 98
60 6
46 2
67 78
51 83
11 29
36 55
29 55
21 40
75 29
43 79
37 29
33 22
48 75
6 19
89 47
78 78
99 0
1 43
99 70
30 27
85 30
73 18
7 15
83 5
50 49
24 75
21 42
71 22
18 56
18 44
12 87
76 9
35 67
96 22
44 25
89 17
100 23
100 84
29 47
35 92
4 48
91 36
92 92
32 86
52 60
29 42
48 52
79 17
52 58
32 41
71 76
65 0
54 47
49 82
32 91
4 22
29 72
24 45
91 67
71 1
83 59
43 93
89 31
97 29
14 5
7 98
99 92
93 88
18 39
98 20
38 95
52 9
21 12
11 47
22 35
6 68
77 66
81 74
62 85
47 13
85 49
88 42
68 0
23 58
80 2
17 70
15 71
1 63
48 69
97 97
52 12
83 85
7 40
6 29
67 76
80 25
41 42
40 64
20 91
13 52
96 73
1 67
38 86
40 79
42 97
97 53
81 9
39 93
14 66
2 54
69 53
62 6
2 38
29 81
84 21
40 16
58 94
22 4
40 18
1 17
55 4
95 33
66 56
82 17
16 87
26 48
100 4
67 6
64 43
30 45
95 1
87 12
26 36
13 33
4 33
15 97
43 40
68 85
95 47
12 24
35 16
88 92
67 97
84 95
51 45
11 19
82 69
24 98
76 36
89 25
51 73
96 71
62 36
87 30
59 16
16 66
53 52
46 25
58 96
44 56
51 7
24 89
16 7
53 25
4 21
2 85
64 88
30 44
96 61
52 92
18 25
3 83
100 79
88 21
14 76
93 5
45 89
70 28
35 44
63 33
62 8
100 20
64 99
78 6
85 25
51 67
37 59
69 67
62 18
92 41
35 43
45 62
99 60
24 71
87 97
18 43
38 84
64 23
71 78
60 43
10 12
97 30
32 59
74 63
57 92
100 56
20 15
33 39
70 43
78 20
97 48
54 21
8 65
21 90
52 45
51 10
49 49
97 82
2 11
42 81
24 30
71 80
86 66
93 21
62 23
5 59
80 70
42 5
64 40
24 20
31 40
20 23
3 20
35 22
32 44
40 67
78 59
94 74
8 10
77 23
92 47
20 86
25 71
88 2
83 24
7 55
73 63
79 90
1 41
68 72
25 5
89 56
65 35
48 33
55 64
72 92
14 31
83 95
32 6
74 40
83 22
12 68
14 81
76 48
9 58
51 73
42 80
69 4
24 31
37 2
42 96
43 86
98 96
55 70
20 45
96 47
81 37
90 38
37 56
31 67
36 84
40 36
86 4
76 51
31 86
29 21
62 6
62 80
30 69
6 25
86 55
8 87
9 93
14 83
94 94
35 97
75 69
79 55
42 84
49 1
74 89
41 66
62 86
89 75
51 78
26 29
77 7
24 13
20 51
26 56
58 65
97 9
48 68
57 87
98 26
41 39
52 55
59 28
31 56
72 13
74 84
3 9
37 27
61 31
72 38
4 36
33 87
33 31
97 14
53 43
92 92
52 24
3 92
50 51
84 56
2 60
33 31
11 71
96 33
39 95
59 71
44 28
38 33
63 43
20 66
43 32
35 92
22 52
98 17
35 93
58 38
96 43
22 22
88 92
23 10
46 40
35 49
20 32
58 67
2 41
43 8
19 82
41 36
71 7
33 41
76 40
61 65
18 81
63 9
37 0
8 75
33 62
17 32
18 35
56 81
8 82
100 61
30 4
54 33
50 41
76 37
76 16
24 31
88 61
58 76
95 14
83 82
66 29
90 89
85 10
61 15
27 40
57 49
67 91
79 87
60 62
51 44
67 87
55 66
33 76
66 64
12 23
20 60
11 90
76 39
54 5
68 93
36 97
73 42
23 59
4 6
1 22
50 74
49 39
20 23
78 67
78 57
54 19
21 0
20 19
89 55
43 55
58 79
38 88
11 91
16 60
20 98
5 74
21 56
43 28
32 94
3 91
16 94
65 77
5 64
11 10
68 68
78 97
78 9
63 77
53 73
64 49
100 26
59 1
72 5
88 8
53 68
24 10
63 55
47 94
54 51
78 34
60 18
18 23
5 22
57 8
90 26
18 26
71 68
89 83
75 74
17 45
99 7
29 98
31 33
6 9
24 33
23 75
91 78
92 16
7 91
25 22
38 1
35 29
26 63
97 84
23 42
28 87
41 15
69 34
55 39
17 91
28 1
51 77
23 60
63 17
87 1
43 37
60 3
70 92
96 22
68 16
70 49
87 80
76 42
77 74
89 33
93 68
49 76
81 36
50 90
99 70
37 50
82 19
74 43
19 63
22 87
13 39
61 28
50 6
35 3
41 83
4 88
40 56
60 31
40 97
31 82
96 46
62 31
23 63
79 26
46 40
67 88
86 78
28 11
39 89
67 50
93 47
100 95
8 78
53 72
7 22
78 68
31 54
18 72
47 85
87 87
96 9
72 2
93 80
56 96
48 31
51 54
4 88
77 27
16 59
27 0
95 9
55 79
87 78
20 1
27 5
46 42
31 10
88 61
19 29
35 45
72 37
44 53
48 93
55 51
1 38
3 23
80 49
97 79
44 93
72 74
82 44
64 96
86 41
64 17
7 57
46 78
39 98
5 89
83 41
70 27
62 8
72 69
26 22
46 65
3 16
4 43
71 80
81 72
26 47
31 2
99 80
6 50
6 4
99 15
78 11
2 24
47 29
35 98
4 28
85 48
22 38
33 12
37 99
69 79
1 63
42 92
61 50
1 37
12 8
82 7
76 56
43 58
80 12
75 86
43 80
58 68
79 32
42 40
69 96
100 20
62 7
41 70
54 52
97 40
97 26
9 81
47 45
37 51
18 42
20 60
99 44
89 86
2 94
76 1
27 51
46 27
21 56
7 42
66 52
64 6
14 85
88 73
21 63
16 29
72 3
88 70
92 74
26 46
33 16
98 17
10 48
79 89
79 18
76 7
49 8
55 20
21 18
100 11
23 92
4 60
98 47
13 82
1 37
33 82
50 41
25 58
43 75
11 57
30 24
29 64
6 79
75 49
20 40
49 19
25 50
21 55
88 77
23 94
60 13
18 93
16 38
72 66
83 93
87 48
9 71
6 38
46 73
7 21
59 84
46 1
10 88
56 6
95 9
39 0
23 10
53 0
8 78
69 46
7 24
77 69
1 50
90 54
41 74
46 13
40 62
84 56
99 87
75 26
62 53
16 29
3 44
34 81
1 67
84 74
26 66
90 36
88 7
26 90
79 95
26 0
1 86
62 34
96 85
27 38
30 27
19 45
27 36
73 39
99 78
86 82
15 30
70 22
17 83
53 63
96 54
5 74
77 11
77 5
77 79
56 3
37 83
92 56
65 61
87 99
54 58
94 10
29 80
2 50
60 69
16 1
83 37
97 44
65 2
64 86
70 82
79 60
17 75
93 90
19 86
22 20
47 5
81 70
93 28
40 61
33 11
42 0
41 31
5 18
48 14
36 30
18 29
6 1
77 81
49 35
34 49
71 11
57 0
59 89
7 15
61 22
61 34
100 71
42 28
17 47
74 32
96 51
83 12
90 11
82 65
6 95
86 70
78 59
16 90
99 73
38 91
86 18
63 73
33 96
54 80
84 43
15 0
77 94
91 55
72 21
59 9
53 93
82 11
28 80
40 80
29 32
84 94
69 35
60 78
62 14
4 8
24 42
48 41
66 67
46 54
78 60
12 15
57 71
24 73
27 27
86 26
27 76
3 23
56 68
26 10
6 40
77 94
100 29
91 24
64 74
18 34
42 3
69 87
42 15
50 41
80 43
49 47
38 43
84 54
25 22
51 76
90 56
93 64
80 8
55 25
2 14
21 97
66 10
14 86
66 71
97 94
8 17
29 72
76 82
35 63
34 99
51 98
17 72
52 29
72 22
45 68
21 29
80 97
12 30
72 56
54 9
16 32
25 56
83 9
17 61
43 34
97 63
28 13
68 21
46 13
24 63
31 84
1 22
35 13
26 70
22 77
1 14
85 39
57 4
66 66
76 96
9 16
76 1
48 28
19 83
54 16
32 63
72 85
41 52
78 37
94 15
73 48
92 74
50 19
98 10
42 22
50 55
73 31
93 53
58 92
89 18
17 90
28 0
56 61
57 88
96 13
31 80
40 82
62 1
80 88
42 54
7 9
22 62
91 77
22 4
2 65
11 46
99 52
96 55
83 86
22 11
71 42
8 21
11 87
88 39
7 3
79 34
54 1
33 49
3 65
38 77
17 70
72 35
24 68
68 18
42 48
60 67
93 42
7 51
66 14
85 20
50 74
7 52
86 52
39 51
24 27
93 41
50 96
32 33
3 76
92 20
100 9
10 61
54 19
7 81
57 84
3 52
55 31
100 96
27 98
47 42
11 47
22 95
1 7
8 7
30 23
72 70
98 47
29 9
76 48
68 32
69 88
2 34
8 9
48 89
77 57
65 28
96 50
95 71
55 70
44 71
71 37
52 79
14 18
56 87
77 5
65 83
29 55
87 44
54 49
10 83
65 34
82 11
51 30
19 6
78 6
95 87
22 74
57 71
26 40
32 67
83 18
100 66
46 65
26 64
5 5
29 15
54 52
85 77
36 41
34 59
16 75
42 89
73 47
69 47
6 19
76 20
7 67
56 70
54 2
26 51
96 90
63 12
89 49
92 55
50 54
48 2
33 0
12 87
62 74
41 74
76 87
61 20
100 9
13 30
43 17
23 46
28 57
79 94
84 26
88 85
94 49
89 68
63 86
10 90
59 17
61 33
90 13
42 58
1 86
75 11
21 43
74 51
13 13
61 2
25 59
51 19
60 10
64 1
32 65
28 22
90 27
22 99
11 69
12 9
9 16
50 16
70 43
27 91
11 98
37 47
60 55
29 37
92 66
11 79
91 84
64 35
19 96
50 13
51 39
18 66
57 82
46 6
60 26
25 2
2 20
10 54
15 79
29 75
89 71
53 85
1 28
97 81
100 4
14 42
79 10
41 22
21 28
15 99
82 0
53 72
13 15
70 66
60 67
52 33
8 87
74 0
76 29
85 32
11 75
63 94
14 71
21 63
12 22
61 90
76 84
66 60
89 59
96 96
10 14
61 54
17 25
86 98
70 66
48 44
73 30
39 66
68 94
29 14
4 17
8 96
15 60
9 8
50 17
100 39
25 1
93 8
52 89
86 7
39 44
67 92
98 99
20 25
6 66
77 55
11 79
68 24
6 25
17 43
92 28
62 35
66 99
63 13
65 83
56 21
13 18
54 74
22 32
40 47
42 8
42 70
90 74
29 3
5 58
51 16
47 28
42 41
32 45
68 15
87 47
21 39
34 10
52 52
8 4
73 85
94 39
72 82
89 53
83 7
9 9
78 24
14 85
56 88
67 67
75 92
23 42
41 38
81 33
49 11
53 47
61 39
30 92
82 81
75 16
87 31
37 18
75 84
54 35
4 28
87 21
49 29
17 94
56 48
51 94
39 52
97 98
14 7
92 51
72 50
57 59
55 52
17 7
81 74
67 46
38 98
85 70
89 2
49 61
71 85
54 95
15 97
88 43
27 36
74 60
80 8
52 6
76 13
97 90
29 87
65 99
7 14
92 39
32 51
42 22
84 88
52 5
35 83
18 20
83 55
7 94
51 29
65 26
90 71
2 67
15 63
95 68
5 95
37 55
82 8
74 45
72 41
57 88
75 82
42 7
40 66
4 10
8 23
35 78
62 29
38 88
46 42
54 35
1 29
50 63
38 92
71 6
15 77
19 43
66 38
77 50
17 61
20 99
88 71
4 5
66 27
36 39
98 96
34 7
63 40
13 27
60 41
25 58
54 7
40 63
61 31
31 92
97 82
11 26
6 85
26 85
35 74
17 56
76 49
35 48
15 69
9 50
97 46
42 87
67 7
67 43
23 32
23 54
14 88
65 15
11 93
7 49
66 89
39 17
88 36
1 87
38 0
15 50
21 14
4 27
76 22
13 68
33 59
19 74
59 36
87 25
62 71
47 50
21 13
81 88
89 11
63 78
54 95
49 80
39 47
21 61
99 3
100 90
67 86
17 97
20 88
35 81
89 43
68 46
62 13
23 37
23 60
70 35
64 81
5 19
72 47
86 73
58 55
94 92
12 3
98 72
89 76
84 71
24 25
52 83
55 29
22 62
40 60
62 72
9 91
43 61
99 27
42 47
19 33
62 39
44 68
14 78
66 34
31 26
80 36
12 60
86 78
57 1
53 60
51 19
75 15
17 2
64 11
76 55
88 62
41 19
80 86
65 39
51 61
26 99
45 14
64 64
21 43
100 78
89 54
16 99
44 97
21 4
65 87
31 2
47 52
18 60
12 49
46 15
20 66
92 78
10 33
8 57
34 29
35 46
13 15
34 13
22 32
90 37
88 39
72 10
86 46
57 97
95 69
30 6
13 27
85 7
23 43
75 35
100 43
67 85
96 75
13 99
23 88
57 98
33 39
79 53
40 45
78 74
89 74
81 53
62 80
77 29
89 46
95 20
66 93
67 91
23 86
49 7
73 9
44 30
85 31
64 82
48 32
42 73
99 88
59 42
35 84
81 0
76 47
62 50
82 76
15 31
21 40
62 75
22 85
9 94
67 98
22 49
40 28
44 36
49 39
35 27
12 63
64 66
19 2
25 31
75 7
28 82
96 96
27 41
25 21
39 46
12 42
6 82
87 67
96 76
74 26
10 75
93 50
79 13
47 27
91 49
96 11
81 15
84 36
61 4
37 11
83 73
83 45
60 6
73 84
74 32
99 39
100 38
18 56
4 25
91 70
73 31
19 47
66 60
54 58
36 4
68 22
88 32
85 77
48 95
93 12
23 85
71 28
9 25
31 13
1 79
67 67
32 33
43 43
55 22
42 12
96 74
61 19
38 2
30 4
49 95
13 34
46 43
39 23
85 6
60 58
58 39
5 46
94 72
16 28
29 44
63 28
72 88
71 9
77 73
17 35
85 69
8 7
71 89
30 98
99 54
26 66
17 77
79 94
23 66
98 41
23 84
25 71
78 8
24 28
86 67
98 18
50 61
66 86
47 28
29 6
68 2
27 70
8 12
1 13
13 45
49 71
49 15
21 1
16 52
79 89
8 92
30 81
53 83
59 55
65 15
51 91
48 29
4 77
74 69
16 17
70 11
17 73
55 56
47 51
11 22
100 28
71 17
33 12
97 24
51 43
65 36
69 13
67 87
34 68
27 0
99 48
3 62
86 76
42 20
26 58
50 58
15 59
48 86
26 83
68 78
54 9
8 37
30 80
25 36
83 45
4 28
63 24
76 17
72 70
5 95
55 37
15 38
59 36
81 11
66 86
64 39
68 82
44 42
35 64
5 73
20 75
80 58
59 94
9 61
7 2
73 89
89 71
48 15
10 59
88 99
20 40
86 38
41 21
95 61
4 33
24 72
18 8
43 5
8 34
69 88
83 49
36 9
65 64
70 54
7 35
21 95
41 7
70 15
45 22
69 71
40 26
62 75
59 60
90 43
50 60
45 64
56 74
72 7
62 71
1 37
74 64
26 79
32 97
19 50
80 6
48 7
59 89
22 85
9 63
59 69
28 16
13 31
66 82
96 61
45 14
52 86
15 95
89 70
38 27
3 39
82 36
26 55
94 44
74 53
14 34
36 38
19 22
37 47
41 87
77 13
45 43
88 56
54 67
97 81
58 10
24 63
79 29
42 84
17 77
80 90
32 4
33 60
14 33
52 3
49 48
62 52
71 31
9 72
76 33
75 91
69 48
23 92
36 48
73 46
39 62
97 97
30 22
40 32
1 19
4 32
55 38
79 97
78 63
95 12
83 4
34 49
27 22
43 16
95 33
21 88
97 56
69 39
71 71
79 5
73 75
51 40
45 32
44 85
87 53
78 73
16 80
62 19
67 68
42 38
69 9
76 83
86 19
87 29
65 44
81 13
62 8
26 84
4 59
38 60
74 14
81 88
47 2
15 93
41 58
58 82
79 95
53 54
87 59
53 54
63 4
47 33
51 71
64 77
45 46
4 37
26 98
74 60
20 97
50 90
66 15
60 0
75 80
1 86
67 8
89 70
4 43
12 84
73 72
47 70
6 61
50 5
39 0
39 21
79 82
6 38
77 81
72 61
66 47
11 23
39 18
80 77
66 70
60 80
87 12
49 43
4 9
32 44
6 70
36 43
33 20
35 87
68 27
74 99
97 77
27 1
10 40
37 71
68 56
55 70
86 1
11 36
92 9
91 65
31 43
91 74
4 31
33 43
32 52
77 0
98 93
9 75
97 72
2 24
26 2
94 73
22 28
13 17
24 42
2 85
85 26
98 31
89 8
5 43
39 50
22 43
71 79
54 18
11 84
77 97
4 71
91 58
82 32
58 39
34 79
57 11
53 13
58 64
81 82
98 10
5 23
9 72
22 3
61 21
29 22
39 16
69 35
97 9
78 39
47 52
12 68
5 65
6 46
55 83
98 54
100 33
5 4
42 35
85 3
10 33
27 44
36 43
11 51
69 93
23 92
69 50
60 10
89 17
76 50
45 3
42 63
76 32
28 13
4 56
54 72
38 66
84 63
11 57
93 78
45 19
84 6
1 40
76 36
37 59
93 34
8 44
7 69
69 50
29 2
21 4
39 28
67 55
28 35
18 34
67 37
32 83
70 23
38 10
18 39
29 36
82 84
31 10
62 97
7 32
61 71
67 53
46 70
95 61
36 64
47 31
85 27
66 64
45 61
51 68
21 42
18 72
78 61
3 74
96 10
14 30
67 88
87 17
21 55
30 36
20 86
55 18
75 97
3 63
68 46
3 63
64 25
23 43
43 12
76 78
16 25
67 31
100 97
100 35
75 34
22 99
75 25
22 17
41 5
48 80
76 28
79 13
61 85
36 56
53 91
1 56
29 37
85 40
87 33
32 99
7 4
77 91
65 81
23 42
55 34
76 86
32 68
31 32
95 65
58 80
37 53
36 7
73 90
84 65
49 62
5 85
35 52
83 56
76 34
51 51
54 13
24 98
60 26
30 19
5 14
60 54
86 50
7 3
66 73
21 45
42 94
76 22
54 86
74 25
81 43
66 75
84 28
30 20
10 62
34 70
17 39
78 32
65 53
3 92
78 29
86 69
57 7
36 72
52 7
32 35
6 46
64 27
58 83
100 15
99 27
17 69
78 40
96 35
46 71
39 34
96 79
37 9
6 47
27 85
69 94
88 18
91 53
45 1
96 73
6 40
42 47
20 76
52 46
11 94
88 57
85 86
80 30
42 36
6 95
19 72
100 55
46 97
88 65
48 27
94 50
78 87
96 69
46 84
83 84
22 59
43 45
55 14
13 51
51 31
89 59
5 49
91 39
79 17
87 6
78 67
9 71
78 63
52 52
89 15
87 27
1 23
12 92
26 16
77 49
38 62
30 27
37 64
89 98
14 42
7 1
11 87
83 95
49 73
88 46
55 67
4 2
33 97
23 38
86 7
83 52
19 40
41 47
79 74
78 71
35 63
66 52
71 10
41 14
15 25
28 77
65 7
42 34
9 78
3 71
67 71
75 45
32 30
28 75
78 65
14 70
30 37
16 23
54 28
60 85
49 6
97 2
55 39
45 49
45 66
37 71
84 80
45 99
3 47
80 86
76 79
9 83
92 52
18 28
27 70
18 52
86 25
90 10
49 19
5 18
21 93
4 94
22 31
57 26
67 41
51 70
31 19
7 87
72 91
71 98
3 74
25 89
18 17
92 83
42 96
50 98
62 26
65 99
45 34
47 67
32 57
37 78
83 73
4 62
94 79
28 81
6 50
67 34
26 83
51 74
91 36
72 28
75 1
67 68
81 87
71 2
95 66
97 9
18 53
69 75
15 12
89 12
7 13
98 47
36 71
62 66
28 73
71 65
4 32
55 35
17 93
33 93
43 2
56 44
38 23
100 22
38 85
97 16
12 99
84 71
31 9
45 77
21 22
59 23
97 29
48 2
15 8
17 6
16 50
70 24
72 80
42 79
79 39
81 30
47 0
99 98
12 68
49 34
17 83
16 57
51 65
23 43
53 0
87 17
62 85
9 71
4 62
87 67
2 69
64 48
17 44
21 93
44 85
30 80
34 20
63 44
53 43
63 43
84 18
59 29
30 37
4 6
30 35
71 18
28 88
82 55
6 28
32 43
84 11
59 25
62 41
30 19
55 60
65 82
99 84
61 46
75 31
21 65
34 90
23 67
76 12
53 27
89 54
23 81
32 63
81 15
94 43
50 51
2 20
9 44
32 92
49 53
98 62
40 48
95 15
49 30
86 5
94 56
4 20
85 98
38 25
63 40
61 0
36 67
93 2
86 89
17 81
39 85
37 52
14 34
18 94
82 80
67 70
28 10
25 5
80 58
32 21
18 78
13 34
46 27
28 71
44 81
19 63
4 75
66 86
31 9
47 72
99 36
14 84
56 53
45 69
87 6
89 6
73 10
48 28
77 0
60 91
84 36
42 26
34 74
60 31
58 24
77 87
54 10
79 62
57 65
11 96
6 45
17 29
33 32
67 46
94 81
23 85
86 81
85 42
6 14
4 72
39 18
38 37
53 71
94 53
8 13
73 46
32 40
65 57
29 84
18 77
35 59
59 2
61 86
46 99
33 32
100 57
32 8
44 49
18 58
28 41
88 67
33 4
3 26
67 83
82 70
40 71
70 29
36 26
14 33
15 46
53 95
10 93
22 59
28 91
51 20
40 10
83 21
100 85
70 39
18 19
8 14
27 94
5 19
48 32
68 36
9 94
15 28
70 89
7 57
57 35
98 44
82 67
93 76
58 84
13 20
43 4
42 87
89 92
18 30
29 5
91 37
15 47
40 46
18 77
51 67
97 5
1 75
54 32
95 49
34 99
52 20
36 83
64 27
3 3
79 17
22 88
49 97
7 85
82 1
8 65
37 53
38 46
42 96
85 39
81 58
74 78
71 36
56 92
27 80
96 46
94 81
68 3
99 76
67 72
31 6
27 4
18 75
61 48
47 91
14 46
66 92
28 43
38 55
75 82
79 36
70 98
2 29
77 47
20 98
8 72
89 0
56 26
1 89
10 65
78 85
50 54
42 91
89 99
73 65
50 42
71 37
59 97
70 77
39 11
78 7
74 30
10 88
85 61
87 87
9 40
61 73
51 54
78 22
88 15
76 95
91 52
27 72
80 93
76 58
18 29
73 55
45 77
4 93
60 27
32 48
85 1
27 43
43 59
54 55
99 26
3 0
100 87
69 53
73 64
3 99
56 86
34 98
84 37
93 16
44 20
71 6
91 88
32 12
57 29
73 1
44 80
86 33
9 76
38 32
17 92
94 97
99 78
36 99
76 10
12 59
18 18
28 35
71 42
39 31
98 79
48 23
16 97
25 17
29 79
84 69
98 36
15 83
26 12
64 48
17 12
36 21
73 71
64 21
37 21
30 37
1 74
98 47
91 57
9 1
23 79
51 36
2 28
73 41
58 13
54 7
35 87
55 39
57 75
62 82
33 83
20 73
90 10
84 15
61 80
96 64
66 57
18 45
62 21
44 28
17 80
29 49
65 31
80 44
22 71
83 23
62 95
25 24
1 82
61 88
73 63
11 50
35 9
46 51
22 89
56 71
77 34
17 23
69 81
6 57
9 27
19 96
61 5
57 49
55 3
2 67
60 9
70 64
92 62
83 68
1 66
89 55
45 79
7 27
93 8
91 4
81 7
33 57
62 53
76 84
70 29
54 42
50 73
70 81
92 33
19 66
4 86
19 47
42 94
31 2
65 56
38 24
10 98
10 54
25 24
50 6
53 99
10 14
63 58
37 81
35 21
1 67
95 55
38 36
75 97
48 84
55 5
67 34
9 9
73 19
53 4
23 98
13 2
98 95
74 97
52 45
42 8
47 93
82 64
6 9
92 29
55 61
57 91
22 5
4 56
15 7
67 91
79 81
64 29
68 84
25 11
12 56
76 40
65 37
25 58
95 74
85 81
87 60
33 99
63 78
13 2
55 28
27 68
50 62
45 18
23 67
10 5
11 99
45 57
36 23
87 35
57 96
31 63
49 95
29 55
62 43
64 80
6 16
9 23
64 29
68 71
49 51
90 17
43 37
30 12
92 31
33 29
76 6
29 28
88 9
69 69
67 35
15 85
11 1
25 64
53 15
62 32
46 7
92 81
50 87
9 97
4 93
39 18
60 32
67 55
1 53
55 40
30 48
20 98
55 25
94 27
37 23
17 34
56 57
46 24
74 40
17 40
68 61
17 84
61 63
38 9
27 68
37 28
99 46
91 55
25 1
17 89
28 58
88 81
84 79
34 34
49 64
75 60
9 26
15 42
75 14
48 82
79 35
64 9
74 41
6 72
6 70
6 56
47 15
92 81
88 90
45 67
25 64
72 62
31 54
4 52
23 94
7 89
56 24
92 3
75 10
71 76
89 86
53 34
68 90
23 9
88 94
43 68
97 55
21 81
65 19
9 75
87 66
71 67
99 84
17 67
26 29
17 0
43 30
93 54
92 44
4 50
99 79
75 75
36 66
2 54
36 43
18 53
44 55
14 24
72 11
18 20
63 92
56 15
52 81
55 32
71 73
7 39
98 17
58 10
36 0
85 49
79 4
90 36
66 8
50 75
94 65
88 85
83 18
77 38
83 9
11 88
10 91
64 38
44 4
1 32
76 9
52 82
11 43
91 23
74 53
42 49
45 78
59 68
32 68
91 33
52 97
13 3
59 32
48 84
98 68
97 21
83 94
34 76
99 20
75 54
50 43
95 74
58 29
71 28
39 60
22 76
28 16
13 23
88 52
78 52
39 9
69 5
99 62
47 19
48 55
43 29
72 13
8 21
65 88
36 22
32 2
98 10
35 44
90 70
67 94
15 76
36 58
68 41
95 62
60 61
85 92
59 60
22 36
97 3
97 18
89 16
96 52
92 79
36 19
77 75
53 66
25 25
52 29
25 43
87 17
35 92
43 91
26 12
42 3
74 12
55 98
51 12
65 73
91 1
72 7
34 38
43 21
30 10
68 64
29 73
7 51
31 45
66 24
74 15
70 82
99 11
86 1
66 33
68 46
39 98
34 46
21 59
95 18
30 84
88 96
84 74
79 61
1 55
49 31
73 83
52 10
49 29
27 84
38 78
98 77
17 35
38 93
82 30
95 65
99 59
99 50
41 10
83 58
15 91
100 15
88 35
38 22
51 97
1 9
66 50
73 78
100 23
74 68
56 20
58 91
27 42
