50 5
17 48 33 9 27
21 51 43 12 33
37 3 19 37 37
33 41 4 11 44
43 52 45 35 14
24 40 24 27 4
8 51 21 13 3
51 20 36 32 21
51 37 46 41 2
21 19 9 32 36
24 23 42 41 23
8 51 3 51 29
42 37 40 20 10
15 15 2 41 6
16 25 20 2 2
13 52 49 11 30
38 43 32 37 41
15 39 36 33 41
50 28 4 4 19
9 9 16 13 41
6 43 35 8 49
33 18 26 26 31
43 19 34 40 49
18 47 37 4 1
36 11 8 40 21
29 37 11 34 24
37 31 40 36 26
25 27 46 24 9
49 30 47 17 29
34 35 50 48 17
27 15 15 3 48
27 41 6 12 12
49 20 52 46 47
20 34 26 47 18
34 8 13 6 42
26 13 45 44 3
28 42 52 39 25
16 45 16 2 31
38 44 11 16 19
41 48 10 39 14
52 51 14 44 10
32 12 23 25 32
30 45 35 50 50
14 46 46 6 47
45 51 51 42 18
44 17 23 14 35
1 28 25 10 29
10 31 1 38 48
18 41 30 23 31
29 51 28 1 50
