50 10
51 7 35 41 26 12 14 30 1 35
9 12 51 52 1 3 22 36 37 29
49 1 5 30 38 22 50 42 25 7
20 22 9 24 12 33 39 26 29 38
37 29 45 22 45 6 13 17 30 7
21 16 13 35 6 45 42 11 43 13
47 11 9 27 38 19 15 22 32 45
41 49 42 39 49 16 3 15 20 27
48 46 50 26 44 8 2 10 3 30
45 35 20 30 30 23 5 16 5 45
16 30 34 44 20 21 13 20 11 3
36 48 50 35 41 4 36 22 26 23
24 19 52 7 31 12 31 34 21 47
1 49 40 14 5 39 40 42 28 2
11 6 36 32 6 2 28 43 34 12
21 14 46 30 6 31 31 47 29 31
14 41 23 13 41 30 16 32 19 8
19 32 29 42 50 49 40 45 23 2
43 39 23 3 30 29 1 29 44 32
51 42 45 22 18 40 33 43 43 44
43 28 11 39 47 31 40 21 9 43
41 13 25 26 17 8 32 52 47 38
18 9 37 13 37 27 44 52 45 33
47 2 35 10 42 41 34 51 42 12
47 33 14 12 28 52 38 3 12 37
18 27 23 20 17 31 37 23 40 16
52 19 46 10 29 50 28 27 52 43
6 19 29 28 40 31 33 7 48 13
38 37 21 9 1 29 40 14 14 46
39 20 13 40 42 37 37 44 44 22
28 41 15 49 34 8 2 52 2 25
45 36 51 32 25 1 36 18 41 44
2 50 20 33 23 7 38 37 48 20
15 15 47 18 10 35 39 22 19 23
22 25 24 5 33 33 23 10 50 15
4 27 20 12 11 10 42 14 19 38
51 13 15 11 21 46 35 48 44 1
41 43 38 40 48 10 7 19 2 38
10 16 26 4 16 50 34 36 48 43
26 11 39 52 21 18 51 48 31 35
16 46 3 19 34 44 18 25 52 51
6 33 48 36 48 17 12 2 34 15
26 27 21 39 46 31 8 14 34 1
26 10 18 9 35 39 14 47 4 4
21 47 50 8 46 8 15 8 33 1
5 25 10 49 5 11 8 28 11 36
18 15 24 26 4 9 3 6 36 32
9 25 5 34 46 32 17 51 17 50
51 9 28 18 32 8 27 27 3 49
4 17 27 6 3 28 49 24 4 25
