1900 4469 6 5
1 3
1 4
1 5
1 6
1 7
2 3
2 5
2 6
2 8
3 4
3 5
3 6
4 5
4 6
4 7
4 12
5 7
7 8
7 9
7 10
7 11
7 12
8 9
8 10
8 12
9 10
9 11
9 12
10 12
11 12
13 14
13 16
13 17
13 18
13 30
14 15
14 16
14 17
14 18
14 38
15 16
15 17
15 18
16 17
16 18
17 18
17 38
18 25
18 33
19 20
19 21
19 22
19 23
19 29
20 21
20 22
20 23
20 24
20 31
21 23
21 31
22 23
22 24
22 25
23 28
25 26
25 28
25 29
26 28
26 29
26 30
27 28
27 29
27 30
28 29
28 30
29 30
31 32
31 33
31 34
31 35
31 36
31 41
32 33
32 34
32 36
33 34
33 35
33 41
34 35
34 36
35 36
37 38
37 39
37 40
37 41
37 42
37 50
38 39
38 40
38 41
39 40
39 41
39 42
40 41
41 42
43 44
43 46
43 47
44 45
44 46
44 47
44 56
46 47
47 48
47 50
47 57
47 61
48 49
48 50
49 50
49 59
49 61
51 52
51 53
51 54
52 53
52 58
52 62
53 54
53 55
53 68
54 61
55 56
55 57
55 58
55 59
56 57
56 58
56 59
56 60
57 60
58 60
61 62
61 64
63 65
63 67
63 68
64 65
64 66
65 67
65 68
65 77
65 99
66 67
67 68
67 104
69 70
69 71
69 72
69 73
69 74
70 71
70 72
70 73
70 74
70 83
71 72
71 73
71 74
71 81
72 73
72 74
73 79
74 76
74 95
75 76
75 77
75 79
75 98
76 77
76 78
76 79
76 80
76 101
77 78
77 80
78 80
79 80
81 84
81 85
81 86
81 99
82 83
82 84
82 85
82 89
83 84
83 86
84 86
85 86
85 91
87 88
87 89
87 91
87 92
88 89
88 90
88 91
88 92
88 95
89 90
89 91
89 92
89 103
90 91
90 92
91 92
91 107
93 94
93 95
93 96
93 97
93 98
93 107
94 95
94 96
94 98
95 96
95 97
95 98
96 98
97 98
97 116
99 100
99 101
99 103
99 104
100 101
100 103
101 102
101 103
101 104
102 103
102 104
105 107
105 108
106 107
106 108
106 111
108 109
108 111
108 112
108 113
109 111
109 112
109 113
110 111
110 112
110 113
111 112
111 113
112 113
113 116
113 131
114 115
114 116
114 117
114 118
114 119
115 116
115 118
115 119
115 134
116 117
116 118
116 119
116 120
117 118
117 130
120 121
120 122
120 123
120 124
120 125
121 123
121 124
121 130
122 125
123 125
123 133
124 125
124 135
125 131
126 127
126 128
126 129
126 130
126 131
127 128
127 129
127 130
128 129
128 130
128 131
128 135
129 131
130 131
132 133
132 134
132 136
132 137
133 135
133 136
133 137
134 135
134 136
134 137
135 136
135 137
136 137
137 139
138 139
138 140
138 141
138 142
138 143
138 153
139 141
139 142
139 143
140 143
141 142
142 143
142 149
142 165
143 147
144 146
144 147
144 149
144 154
145 146
145 147
145 148
145 149
145 170
146 147
146 148
146 149
147 148
147 149
148 149
148 160
150 152
150 153
150 154
150 156
150 166
151 153
151 154
151 155
152 153
152 155
153 154
154 155
155 156
156 157
156 158
156 159
156 160
156 171
157 160
157 184
158 160
159 160
161 162
161 164
161 165
162 163
162 164
162 165
163 164
163 165
163 166
164 171
165 166
165 169
166 170
167 168
167 169
167 170
167 171
167 172
168 169
168 170
168 172
169 170
169 171
169 172
170 171
170 172
171 172
173 174
173 175
173 176
173 177
173 178
173 179
174 175
174 176
174 177
174 178
174 181
175 177
175 178
176 177
176 178
177 178
177 183
178 179
178 197
179 180
179 181
179 183
179 184
180 182
180 183
180 184
181 182
181 183
181 184
182 183
182 184
183 184
185 186
185 187
185 188
185 190
185 205
186 187
186 188
187 188
187 189
187 190
187 195
188 189
188 190
189 190
189 193
190 192
190 195
191 192
191 194
191 195
192 193
192 195
193 194
193 195
194 195
195 204
196 197
196 198
196 199
196 200
196 217
197 198
197 199
197 200
198 199
198 200
198 203
198 209
199 200
200 213
201 202
201 204
201 206
201 216
202 203
202 204
202 205
203 204
203 206
204 205
205 206
206 224
207 211
207 212
207 243
208 209
208 210
208 211
208 212
209 210
209 211
209 223
210 212
210 224
211 212
212 219
213 214
213 215
213 217
213 218
214 215
214 216
214 217
214 218
215 217
215 218
215 223
216 218
216 226
219 221
219 223
219 224
220 221
220 222
220 224
221 224
222 223
222 224
223 224
225 226
225 227
225 228
225 230
225 232
225 234
226 227
226 228
226 229
226 230
226 244
227 228
227 229
227 230
228 229
228 230
229 230
230 236
231 232
231 233
231 234
231 235
231 236
232 233
232 234
232 235
232 236
233 235
233 243
234 235
234 243
235 236
237 238
237 239
237 240
237 241
237 242
237 246
238 239
238 240
238 242
238 256
239 241
239 242
239 245
239 248
240 241
240 242
241 242
241 246
243 244
244 270
245 246
245 247
245 248
245 249
245 250
246 247
246 248
246 249
246 250
247 248
247 250
248 249
248 261
249 250
251 252
251 253
251 254
251 255
251 256
251 259
251 278
252 254
252 255
252 256
252 259
253 254
253 255
253 256
254 255
254 256
255 259
257 258
257 259
257 260
257 261
257 262
258 260
258 261
258 262
259 261
259 262
260 261
260 262
261 262
262 284
263 264
263 265
263 268
264 265
264 266
264 267
264 268
264 272
264 273
265 266
265 267
265 268
265 276
266 267
266 268
266 269
267 268
268 271
269 270
269 271
269 272
269 273
270 271
270 272
270 273
270 274
271 272
271 273
271 274
272 273
273 274
275 276
275 277
275 278
275 291
276 277
276 278
276 280
277 278
277 279
277 280
277 293
278 279
279 280
280 291
281 284
281 285
282 283
282 284
282 285
282 286
282 304
283 284
283 285
283 286
284 285
284 286
284 311
285 295
285 300
287 288
287 289
287 290
287 292
288 289
288 290
288 291
288 292
289 290
289 291
289 292
290 291
290 292
290 298
291 292
292 296
292 297
293 294
293 295
293 296
293 297
294 296
294 297
294 298
295 296
295 297
295 298
296 297
296 298
297 298
299 303
300 301
300 305
300 306
301 302
301 303
301 304
301 305
301 306
302 303
302 304
302 306
303 304
303 305
303 306
304 305
304 306
305 306
307 309
307 311
307 312
308 311
308 312
308 314
309 310
309 311
309 312
309 313
309 318
310 311
310 312
311 312
311 313
313 314
313 315
313 317
314 315
314 317
314 318
314 322
315 316
315 318
316 318
317 318
319 321
319 322
319 324
320 322
320 323
320 324
320 333
321 322
321 323
321 324
322 324
322 332
322 335
323 328
325 326
325 327
325 328
325 329
325 330
325 339
326 327
326 328
326 329
326 330
327 328
327 329
327 330
327 343
328 330
328 334
329 330
329 343
331 332
331 333
331 336
332 333
332 334
332 335
333 335
333 336
334 336
335 337
337 344
337 345
337 346
337 348
338 339
338 342
338 343
338 355
339 340
339 342
339 343
340 341
340 343
340 362
341 342
341 343
342 343
344 345
344 346
344 347
344 349
345 346
345 348
345 349
346 347
346 349
346 355
347 348
347 349
348 349
350 354
350 355
351 352
351 354
351 355
351 358
352 353
352 354
352 356
353 354
353 355
354 355
355 370
356 357
356 358
356 359
356 360
356 361
357 358
357 359
357 360
357 361
357 364
358 359
358 360
359 360
359 361
359 375
360 361
360 365
362 363
362 365
362 366
362 367
363 364
363 366
363 367
363 372
364 365
364 366
365 366
365 367
366 367
366 368
368 372
368 373
368 375
369 370
369 372
369 373
370 371
370 372
370 373
370 375
371 372
372 373
374 375
374 376
374 378
376 377
376 378
376 379
376 380
376 381
377 378
377 379
377 381
378 381
379 380
380 388
380 389
381 390
382 383
382 384
382 385
382 386
382 388
382 392
382 404
383 384
383 385
383 386
383 387
383 402
384 385
384 386
384 387
384 396
385 386
388 389
388 390
388 391
389 390
389 391
391 398
392 393
392 394
392 395
392 396
393 394
393 395
393 396
393 400
393 401
394 396
395 396
395 401
397 398
397 399
397 400
397 401
397 402
398 399
398 400
398 401
398 402
399 400
399 401
399 402
400 401
400 402
403 404
403 406
403 407
403 408
403 409
404 406
404 407
404 408
404 419
405 406
405 407
406 407
406 408
407 414
408 409
409 410
409 411
409 412
409 413
409 414
410 412
410 413
410 414
410 415
410 419
411 412
412 413
413 414
415 416
415 417
415 418
415 419
416 417
416 419
417 419
418 419
418 430
419 422
420 421
420 425
420 434
421 422
421 423
421 425
421 435
422 423
422 424
422 427
423 424
423 425
424 425
424 430
426 428
426 429
426 430
427 428
427 429
427 430
428 429
428 430
429 442
430 451
431 432
431 433
431 435
431 436
431 439
431 444
432 433
432 434
432 435
432 436
432 438
433 435
433 436
434 435
434 436
435 436
437 439
437 440
437 441
438 439
438 440
438 441
438 442
438 450
439 440
439 441
439 442
440 441
440 442
441 442
442 448
443 444
443 445
443 447
443 448
444 446
444 447
444 448
445 446
445 448
446 447
446 448
446 451
447 448
447 449
448 449
449 450
449 451
450 451
452 454
452 455
452 456
452 463
453 454
453 456
453 457
454 455
454 457
455 456
455 457
455 467
455 488
456 457
456 460
456 490
458 459
458 460
458 461
458 463
459 460
459 461
459 462
459 463
460 461
460 462
460 463
461 462
461 463
461 464
462 463
462 466
463 465
464 466
464 467
466 473
467 469
467 470
467 471
467 472
468 469
468 470
468 471
468 473
468 474
469 470
469 471
469 472
470 471
470 472
471 472
472 474
473 474
473 475
473 476
473 477
473 478
474 476
474 477
474 478
475 476
475 489
476 477
476 478
477 478
479 482
479 483
479 484
479 499
480 481
480 482
480 483
480 484
481 482
481 483
481 484
482 484
482 489
482 505
483 484
483 499
484 486
485 486
485 487
485 489
485 490
486 487
486 488
486 489
486 490
487 489
487 490
488 489
491 492
491 493
491 500
491 515
492 493
492 506
493 508
493 533
494 495
494 497
494 499
495 497
495 498
495 499
495 503
495 504
496 497
496 498
497 498
497 499
497 503
498 499
500 501
500 502
500 504
500 505
501 502
501 503
501 504
502 503
502 504
502 505
503 504
503 505
504 505
506 507
506 508
506 509
506 510
506 511
507 508
507 509
507 510
507 523
508 509
508 510
508 511
509 510
509 511
509 512
510 511
510 517
512 513
512 515
512 516
512 517
513 514
513 516
513 525
514 515
514 517
516 517
517 529
518 519
518 520
518 523
519 520
519 521
519 522
519 523
520 521
521 522
521 523
521 571
522 523
522 546
522 555
523 544
524 526
524 527
524 529
524 531
525 526
525 527
525 529
526 527
526 528
526 529
527 528
527 529
527 534
528 529
528 533
530 531
530 532
530 533
530 534
530 535
531 532
531 533
531 535
532 533
532 535
533 534
533 535
533 555
534 535
536 537
536 539
536 540
536 541
537 538
538 539
538 540
538 541
539 540
539 541
539 548
539 550
540 541
540 543
540 547
541 542
542 543
542 544
542 545
543 544
543 545
543 546
543 547
544 545
544 546
544 547
545 546
545 547
548 549
548 550
548 551
548 552
548 553
549 553
549 590
550 552
550 553
551 553
551 556
552 553
553 587
554 555
554 556
554 557
554 561
555 556
555 557
556 557
557 619
558 560
558 561
558 562
558 563
559 560
559 561
559 562
559 563
559 565
560 562
560 563
560 568
561 562
562 571
563 591
564 565
564 566
564 567
564 568
564 569
565 566
565 569
565 574
566 567
566 568
566 569
566 573
568 569
568 584
570 572
570 574
571 572
571 573
571 574
572 573
572 574
573 574
574 578
575 576
575 577
575 579
575 580
575 595
576 577
576 580
576 592
577 578
577 579
578 579
578 580
579 580
579 586
580 590
581 582
581 583
581 584
581 585
582 584
582 585
582 586
582 596
582 597
583 585
583 586
584 585
584 596
585 586
587 588
587 589
587 591
587 592
588 589
588 591
588 592
589 590
589 591
590 591
590 592
593 594
593 595
593 596
593 597
593 598
594 596
594 597
594 598
595 597
595 598
595 608
596 597
596 598
597 598
599 600
599 601
599 602
599 605
599 620
600 602
600 603
601 602
601 605
602 604
603 605
603 606
603 607
603 608
604 605
604 607
605 606
605 607
605 608
606 608
607 608
609 610
609 611
609 612
609 613
609 614
609 615
609 620
610 612
610 613
610 614
611 612
611 614
611 619
612 613
612 614
612 615
613 614
613 620
615 626
615 639
615 645
616 618
616 619
616 620
616 621
617 618
617 619
617 620
617 621
618 619
618 620
618 621
619 620
619 621
620 621
622 623
622 625
622 626
622 627
622 638
623 624
623 625
623 626
623 627
623 644
624 626
624 627
625 626
625 627
626 627
626 643
626 644
628 629
628 630
628 631
628 632
628 633
629 630
629 631
629 632
629 633
630 631
630 632
630 633
630 649
631 632
631 633
631 634
631 639
631 654
632 633
633 668
634 635
634 636
634 637
634 639
635 636
635 637
635 638
635 639
635 640
636 637
636 638
637 639
638 639
640 642
640 643
640 644
640 645
641 642
641 643
641 645
642 643
642 644
642 645
643 644
643 645
644 645
646 648
646 650
646 661
646 685
647 648
647 649
647 650
647 651
648 649
648 670
649 650
649 651
650 651
651 663
652 654
652 655
652 656
652 657
653 654
653 656
653 657
653 667
654 656
654 664
654 666
655 656
655 657
655 666
656 657
658 660
658 661
658 663
658 712
659 660
659 661
659 662
659 663
660 661
660 662
660 663
660 676
661 662
661 663
663 681
664 665
664 666
664 667
664 668
665 668
666 667
666 668
667 668
669 673
670 671
670 674
671 674
671 675
672 673
672 674
673 675
674 675
675 676
676 678
676 680
676 682
677 678
677 679
677 680
677 684
678 680
679 680
679 691
681 682
681 683
681 684
681 685
681 687
682 683
682 684
682 685
682 686
683 684
683 686
684 685
684 686
685 686
687 688
687 689
687 690
687 691
687 692
688 689
688 692
689 690
689 691
689 692
689 708
690 692
691 707
692 717
693 694
693 695
693 696
693 698
693 701
694 695
694 696
694 697
694 698
695 696
695 697
695 698
696 697
696 698
696 714
697 698
697 705
697 712
697 715
699 701
699 703
699 704
699 709
700 702
700 703
700 704
700 717
701 703
701 704
702 703
702 704
702 717
703 704
704 717
705 706
705 708
705 709
705 710
706 707
706 708
706 709
706 710
706 719
707 708
707 709
707 710
708 710
709 710
711 712
711 713
711 715
711 716
712 715
713 714
713 715
713 716
714 716
714 717
715 716
718 719
718 720
718 721
718 722
718 723
718 733
719 720
719 721
719 722
719 723
719 732
720 721
720 723
720 730
721 722
721 723
722 723
723 731
724 726
724 727
724 728
724 729
725 727
725 728
725 729
725 737
726 727
726 728
726 736
727 728
727 729
727 737
728 729
729 733
729 738
730 731
730 732
730 733
731 733
732 733
734 736
734 737
735 736
735 737
735 738
735 739
736 737
736 738
736 739
737 738
737 739
738 739
738 750
740 741
740 742
740 743
740 744
740 745
740 759
741 742
741 743
741 744
741 750
742 743
742 744
743 744
743 745
743 747
743 750
743 757
744 745
746 747
746 748
746 749
746 750
746 751
747 748
747 749
747 750
747 751
748 749
748 751
749 750
750 751
750 762
752 753
752 754
752 755
752 756
752 757
752 764
752 767
753 754
753 755
753 756
753 757
753 798
754 755
754 757
754 766
755 756
755 757
756 757
758 759
758 760
758 761
758 762
758 763
758 770
759 760
759 761
759 762
759 763
760 762
760 763
760 765
761 762
761 763
762 763
763 775
764 766
764 767
764 768
764 769
765 766
765 767
765 768
765 769
765 775
766 767
766 769
767 768
767 769
768 769
770 771
770 772
770 773
770 774
770 775
771 772
771 773
771 775
772 773
772 774
772 775
773 774
773 775
773 778
773 786
774 775
776 777
776 778
776 779
776 780
776 781
777 778
777 779
777 782
778 779
778 780
778 781
778 784
778 795
779 780
779 796
780 781
782 784
782 785
782 786
783 784
783 785
783 786
783 787
783 814
784 785
784 786
784 787
785 786
785 787
785 797
786 787
788 789
788 790
788 791
788 792
788 793
788 794
789 790
789 793
789 800
790 791
790 792
790 793
791 793
791 800
792 800
793 800
794 796
794 797
794 798
794 799
795 796
795 797
795 798
795 799
796 797
796 798
796 799
797 798
797 799
800 801
801 802
801 804
801 806
801 820
802 803
802 804
802 823
803 805
803 806
804 805
804 806
804 823
806 807
807 808
807 811
807 812
808 809
808 810
808 811
808 812
809 810
809 811
809 812
809 814
809 817
810 811
810 812
811 812
811 814
812 817
813 814
813 815
813 816
813 817
814 815
814 817
814 818
815 816
815 817
815 818
816 817
816 818
817 818
819 820
819 821
819 822
819 823
819 824
820 821
820 822
820 823
820 824
821 822
821 823
821 824
822 824
823 824
824 828
824 829
825 826
825 827
825 828
825 829
825 830
826 827
826 829
826 830
827 828
827 829
827 830
827 832
828 829
828 830
830 832
830 851
831 832
831 833
831 838
832 833
832 837
833 837
834 836
834 837
834 839
835 836
835 838
835 839
836 837
836 838
836 839
837 838
837 839
837 841
838 839
838 844
840 841
840 842
840 843
840 844
840 845
840 859
841 842
841 843
841 844
841 845
841 858
842 845
843 844
843 845
844 845
845 857
846 847
846 848
846 849
846 851
847 849
847 850
847 851
848 850
848 851
848 855
848 861
849 850
849 851
849 858
850 851
851 859
852 853
852 855
852 856
852 857
853 854
853 856
853 857
853 858
854 855
854 870
855 857
856 877
858 859
860 861
860 862
860 863
860 865
860 879
861 862
861 863
862 864
862 865
863 864
863 865
863 868
864 869
865 881
866 867
866 868
866 869
866 870
866 871
866 873
866 876
867 868
867 869
868 869
868 870
868 871
869 870
869 871
870 871
872 873
872 874
872 875
872 889
873 874
873 875
873 876
873 877
873 889
874 876
874 877
875 876
875 877
876 877
878 880
878 881
878 882
878 883
879 880
879 881
879 882
879 883
880 881
880 882
880 883
881 883
881 884
881 889
882 883
883 889
884 885
884 888
885 886
885 887
886 887
886 888
887 888
887 892
887 894
888 890
888 896
889 890
891 894
891 895
891 896
891 899
892 894
892 896
893 894
893 895
893 910
894 895
894 896
897 898
897 901
897 902
898 899
898 901
898 902
898 904
899 901
899 903
900 901
900 902
900 908
900 911
903 904
903 906
903 908
904 906
904 907
904 908
904 914
905 906
905 908
907 908
908 913
909 910
909 912
909 913
909 914
909 919
910 911
910 912
910 914
911 912
911 913
911 914
912 914
913 914
915 916
915 917
915 918
915 919
915 920
915 934
916 917
916 918
916 920
916 923
917 918
917 919
917 920
918 919
918 930
919 920
920 928
921 922
921 923
921 925
922 924
922 925
922 936
922 942
923 925
923 928
925 926
926 927
926 928
926 929
926 930
926 931
927 928
927 930
927 931
928 931
929 930
929 931
930 931
931 940
932 933
932 934
932 935
932 936
932 937
932 939
933 934
933 935
933 936
933 937
934 935
934 937
935 936
935 937
936 937
936 939
937 938
938 941
939 940
939 942
939 943
940 941
940 942
940 943
941 942
941 943
942 943
944 945
944 946
944 947
944 948
944 949
944 953
945 947
945 948
945 949
946 948
946 949
946 971
947 949
947 951
947 964
948 949
948 953
950 951
950 952
950 953
950 954
950 955
951 953
951 954
952 954
952 955
952 958
953 954
953 955
955 960
956 958
956 959
956 960
956 961
957 958
957 959
957 960
957 961
957 974
958 960
958 961
958 972
959 961
960 961
960 976
962 964
962 965
962 969
963 964
963 965
963 966
964 965
964 973
964 974
966 967
966 970
966 971
966 980
967 969
967 970
968 970
969 970
969 980
970 971
972 973
972 974
972 975
972 977
973 974
973 975
973 977
974 975
974 976
974 977
975 976
975 977
976 977
978 979
978 980
978 981
978 983
978 989
979 980
979 981
979 982
979 983
979 984
980 981
980 982
980 983
980 996
981 982
982 983
984 985
984 986
984 987
984 989
985 986
985 987
985 988
985 1001
986 987
986 988
986 989
986 1002
987 989
987 1001
990 991
990 993
990 995
990 998
990 1005
991 992
991 993
991 994
991 995
991 998
992 993
992 995
992 998
993 994
993 1007
994 995
996 997
996 998
997 999
998 999
998 1002
1000 1001
1000 1002
1000 1013
1001 1002
1003 1004
1003 1005
1003 1006
1003 1007
1004 1006
1004 1008
1004 1017
1005 1006
1005 1007
1006 1007
1006 1020
1007 1008
1008 1017
1009 1011
1009 1012
1009 1013
1010 1011
1010 1012
1010 1014
1010 1024
1011 1012
1011 1013
1011 1014
1011 1022
1012 1013
1012 1014
1012 1027
1013 1014
1013 1019
1015 1016
1015 1017
1015 1018
1015 1019
1016 1017
1016 1018
1016 1019
1016 1053
1017 1018
1017 1019
1017 1020
1018 1019
1019 1020
1021 1022
1021 1023
1021 1024
1021 1025
1021 1026
1021 1027
1022 1023
1022 1024
1022 1026
1023 1024
1023 1026
1024 1025
1024 1026
1025 1026
1025 1042
1026 1029
1027 1028
1027 1030
1027 1031
1027 1032
1027 1034
1028 1029
1028 1030
1028 1032
1028 1038
1029 1030
1029 1031
1030 1031
1030 1032
1031 1032
1033 1035
1033 1038
1034 1035
1034 1037
1034 1038
1035 1036
1035 1038
1036 1037
1036 1039
1036 1042
1037 1038
1037 1056
1039 1040
1039 1042
1039 1043
1039 1045
1040 1043
1041 1042
1041 1043
1042 1043
1042 1044
1042 1046
1043 1044
1045 1047
1045 1048
1045 1049
1045 1050
1046 1047
1046 1048
1046 1049
1046 1050
1047 1048
1047 1049
1047 1050
1048 1049
1048 1050
1049 1050
1049 1051
1049 1058
1050 1051
1051 1053
1051 1055
1051 1056
1052 1053
1052 1054
1052 1055
1052 1057
1053 1054
1053 1055
1053 1056
1053 1057
1054 1055
1054 1056
1054 1057
1055 1057
1056 1057
1058 1060
1058 1061
1058 1063
1058 1094
1059 1060
1059 1061
1059 1063
1059 1064
1060 1062
1060 1063
1060 1064
1061 1062
1061 1063
1061 1064
1062 1063
1062 1064
1064 1065
1064 1066
1065 1067
1065 1068
1065 1069
1065 1075
1066 1067
1066 1068
1067 1068
1067 1069
1067 1070
1067 1088
1068 1069
1068 1070
1068 1088
1071 1073
1071 1075
1071 1076
1072 1073
1072 1074
1072 1075
1072 1076
1072 1087
1073 1074
1073 1075
1074 1075
1074 1076
1075 1080
1075 1086
1076 1080
1077 1078
1077 1080
1077 1085
1077 1091
1078 1080
1078 1081
1078 1082
1079 1080
1079 1081
1079 1082
1080 1081
1080 1082
1081 1082
1081 1090
1083 1085
1083 1086
1083 1087
1083 1088
1084 1085
1084 1086
1084 1087
1084 1088
1085 1086
1085 1087
1085 1088
1086 1087
1086 1088
1087 1088
1089 1090
1089 1091
1089 1092
1089 1093
1089 1094
1089 1096
1089 1102
1090 1091
1090 1093
1090 1094
1091 1092
1091 1093
1091 1094
1092 1093
1092 1094
1093 1094
1095 1096
1095 1097
1095 1099
1095 1100
1096 1097
1096 1099
1096 1100
1096 1115
1096 1117
1096 1124
1097 1099
1097 1100
1098 1099
1098 1100
1100 1115
1101 1102
1101 1103
1101 1106
1101 1109
1102 1103
1102 1104
1102 1110
1102 1111
1103 1105
1103 1106
1104 1105
1104 1106
1106 1107
1107 1108
1107 1109
1107 1110
1107 1111
1107 1112
1108 1109
1108 1110
1108 1111
1108 1112
1109 1110
1109 1111
1109 1112
1110 1111
1110 1112
1110 1118
1111 1112
1113 1114
1113 1117
1113 1118
1114 1115
1114 1116
1114 1117
1114 1118
1115 1116
1115 1117
1115 1118
1116 1117
1116 1118
1117 1118
1118 1124
1119 1120
1119 1121
1119 1122
1119 1123
1120 1121
1120 1123
1120 1124
1121 1122
1121 1123
1121 1128
1122 1123
1122 1124
1122 1129
1123 1124
1124 1129
1125 1126
1125 1128
1125 1129
1125 1130
1126 1128
1126 1129
1126 1130
1127 1128
1127 1129
1127 1130
1128 1129
1128 1130
1128 1140
1129 1130
1130 1176
1131 1132
1131 1133
1131 1135
1131 1136
1131 1139
1132 1133
1132 1134
1132 1138
1133 1134
1133 1135
1133 1136
1133 1137
1134 1135
1134 1136
1134 1150
1135 1136
1136 1143
1137 1138
1137 1139
1137 1141
1138 1139
1138 1140
1138 1141
1138 1142
1139 1140
1139 1141
1139 1142
1140 1141
1140 1142
1141 1142
1142 1149
1143 1144
1143 1145
1143 1146
1143 1148
1143 1177
1144 1145
1144 1146
1144 1148
1144 1149
1145 1146
1145 1147
1145 1148
1145 1149
1146 1147
1147 1148
1148 1150
1149 1157
1149 1158
1150 1151
1150 1154
1150 1156
1150 1201
1152 1153
1152 1154
1152 1155
1152 1156
1152 1157
1152 1166
1153 1155
1153 1156
1153 1157
1153 1169
1154 1155
1154 1156
1154 1157
1155 1156
1155 1157
1156 1157
1158 1159
1158 1160
1158 1161
1158 1162
1158 1163
1159 1160
1159 1161
1159 1162
1159 1163
1160 1163
1160 1165
1160 1167
1161 1162
1162 1163
1162 1164
1163 1171
1164 1165
1164 1166
1164 1167
1164 1168
1165 1167
1165 1168
1165 1169
1166 1167
1166 1168
1166 1169
1167 1168
1167 1169
1168 1169
1170 1171
1170 1172
1170 1173
1170 1174
1170 1175
1170 1176
1170 1198
1171 1172
1171 1173
1171 1175
1172 1173
1172 1174
1172 1175
1173 1174
1173 1175
1174 1175
1174 1176
1174 1177
1178 1179
1178 1180
1178 1181
1178 1182
1178 1183
1178 1192
1179 1180
1179 1181
1179 1182
1179 1197
1180 1191
1181 1182
1181 1183
1181 1204
1182 1183
1182 1194
1184 1185
1184 1188
1184 1189
1184 1196
1184 1197
1185 1186
1185 1187
1185 1188
1185 1189
1186 1187
1186 1188
1186 1207
1187 1189
1187 1207
1188 1189
1188 1209
1190 1191
1190 1194
1190 1195
1190 1202
1190 1203
1191 1192
1191 1193
1191 1195
1192 1193
1192 1195
1193 1194
1193 1195
1194 1195
1196 1197
1196 1199
1196 1200
1197 1198
1197 1199
1197 1200
1197 1201
1198 1200
1198 1201
1199 1201
1202 1203
1202 1204
1202 1205
1202 1206
1202 1207
1203 1204
1203 1205
1203 1206
1203 1207
1204 1205
1204 1207
1205 1206
1205 1207
1206 1207
1208 1210
1208 1211
1208 1212
1208 1213
1209 1210
1209 1211
1209 1212
1209 1213
1210 1211
1210 1212
1210 1213
1210 1218
1210 1222
1211 1212
1211 1213
1211 1226
1212 1213
1213 1221
1214 1215
1214 1216
1214 1217
1214 1218
1214 1219
1214 1235
1215 1216
1215 1217
1215 1218
1215 1219
1215 1230
1216 1217
1216 1219
1217 1218
1217 1219
1218 1219
1218 1234
1219 1237
1220 1221
1220 1223
1220 1224
1220 1225
1221 1222
1221 1223
1221 1224
1221 1225
1222 1223
1222 1224
1222 1225
1223 1224
1223 1225
1223 1229
1224 1225
1224 1227
1225 1234
1226 1227
1226 1228
1226 1229
1226 1231
1227 1228
1227 1229
1227 1230
1227 1231
1227 1239
1228 1230
1228 1231
1229 1230
1229 1231
1230 1231
1232 1236
1233 1234
1233 1235
1233 1236
1233 1237
1234 1235
1234 1236
1234 1237
1235 1236
1235 1240
1236 1237
1238 1239
1238 1240
1238 1245
1238 1251
1238 1252
1239 1240
1239 1241
1240 1241
1240 1251
1241 1242
1243 1244
1243 1245
1243 1246
1244 1245
1244 1246
1244 1247
1244 1263
1245 1246
1245 1248
1245 1249
1245 1270
1246 1248
1246 1271
1247 1248
1249 1250
1249 1251
1249 1252
1250 1251
1250 1252
1251 1252
1251 1270
1253 1254
1253 1255
1253 1257
1253 1258
1254 1256
1254 1257
1254 1270
1254 1298
1255 1257
1255 1258
1255 1269
1256 1257
1256 1258
1257 1258
1257 1279
1258 1268
1259 1260
1259 1261
1259 1262
1259 1263
1259 1264
1259 1272
1260 1261
1260 1262
1260 1263
1261 1262
1261 1263
1261 1264
1261 1273
1261 1274
1262 1263
1262 1264
1263 1264
1263 1272
1265 1267
1265 1268
1266 1267
1266 1268
1266 1269
1266 1270
1267 1270
1269 1270
1271 1272
1271 1273
1271 1274
1272 1273
1272 1274
1272 1275
1273 1274
1274 1275
1276 1278
1276 1279
1276 1280
1276 1281
1277 1278
1277 1279
1277 1280
1277 1281
1278 1280
1278 1281
1278 1288
1279 1280
1279 1281
1279 1289
1280 1281
1280 1289
1281 1290
1282 1283
1282 1284
1282 1286
1282 1287
1282 1294
1283 1284
1283 1285
1283 1286
1283 1287
1284 1285
1284 1286
1284 1287
1285 1286
1285 1287
1285 1295
1286 1287
1286 1294
1286 1308
1287 1289
1288 1289
1288 1290
1289 1290
1291 1293
1291 1294
1291 1295
1292 1293
1292 1295
1293 1294
1293 1295
1294 1295
1294 1298
1295 1296
1296 1297
1296 1298
1296 1300
1296 1301
1297 1298
1297 1299
1297 1300
1297 1301
1297 1306
1298 1301
1299 1305
1302 1304
1302 1305
1302 1306
1302 1307
1302 1308
1303 1305
1303 1306
1303 1307
1304 1305
1304 1306
1304 1307
1304 1308
1304 1322
1305 1306
1306 1307
1308 1309
1308 1312
1308 1313
1308 1333
1309 1311
1309 1312
1309 1313
1310 1312
1311 1312
1312 1313
1313 1326
1314 1315
1314 1316
1314 1318
1314 1325
1314 1331
1315 1316
1315 1317
1315 1318
1315 1331
1316 1318
1316 1319
1317 1318
1317 1319
1318 1319
1318 1320
1318 1333
1320 1322
1320 1324
1320 1325
1321 1322
1321 1323
1321 1324
1321 1325
1321 1326
1322 1323
1322 1324
1322 1325
1322 1340
1323 1324
1323 1325
1324 1325
1326 1328
1326 1329
1327 1328
1327 1329
1327 1330
1328 1329
1328 1331
1329 1330
1329 1331
1329 1344
1330 1331
1332 1333
1332 1334
1332 1335
1333 1334
1333 1335
1333 1336
1333 1337
1333 1366
1334 1335
1334 1336
1334 1337
1335 1337
1335 1346
1336 1337
1336 1358
1338 1339
1338 1340
1338 1341
1338 1342
1339 1340
1339 1341
1339 1342
1340 1342
1341 1342
1341 1354
1341 1356
1342 1345
1342 1369
1343 1344
1343 1345
1343 1346
1343 1347
1343 1348
1344 1345
1344 1346
1344 1347
1344 1348
1345 1347
1345 1348
1346 1347
1346 1348
1347 1348
1348 1363
1348 1375
1349 1350
1349 1351
1349 1352
1349 1353
1349 1354
1349 1364
1349 1384
1350 1351
1350 1352
1350 1353
1350 1354
1351 1352
1351 1372
1352 1353
1352 1372
1353 1354
1355 1356
1355 1357
1355 1358
1355 1359
1356 1357
1356 1359
1356 1378
1356 1387
1357 1358
1358 1359
1358 1384
1360 1362
1360 1364
1360 1365
1361 1363
1361 1364
1362 1363
1362 1364
1362 1365
1362 1369
1362 1371
1363 1364
1363 1365
1364 1365
1365 1371
1366 1367
1366 1368
1366 1369
1366 1370
1366 1371
1367 1368
1367 1369
1367 1370
1367 1371
1368 1370
1368 1371
1369 1370
1369 1371
1370 1371
1372 1373
1372 1374
1372 1375
1372 1376
1372 1379
1373 1374
1373 1375
1373 1376
1373 1377
1374 1375
1374 1376
1374 1377
1375 1376
1376 1377
1377 1382
1378 1379
1378 1380
1378 1381
1378 1382
1378 1383
1379 1380
1379 1381
1379 1382
1379 1383
1379 1391
1380 1381
1380 1382
1381 1382
1381 1383
1381 1389
1382 1383
1384 1385
1384 1386
1384 1387
1384 1388
1384 1389
1385 1386
1385 1387
1385 1389
1386 1387
1386 1388
1386 1389
1387 1389
1388 1389
1388 1390
1390 1391
1390 1393
1390 1395
1390 1396
1392 1393
1392 1394
1392 1395
1392 1397
1392 1399
1393 1394
1393 1395
1393 1396
1393 1397
1394 1395
1395 1396
1395 1397
1396 1397
1397 1400
1398 1399
1398 1400
1398 1401
1398 1402
1398 1403
1398 1411
1399 1400
1399 1401
1399 1402
1400 1401
1400 1402
1400 1403
1401 1402
1401 1403
1401 1412
1402 1403
1403 1419
1404 1405
1404 1406
1404 1407
1404 1408
1404 1409
1404 1423
1405 1406
1405 1407
1405 1408
1405 1409
1405 1416
1405 1421
1406 1408
1406 1409
1406 1425
1407 1408
1407 1409
1408 1421
1410 1411
1410 1412
1410 1413
1410 1414
1411 1413
1411 1414
1412 1413
1412 1414
1413 1414
1413 1415
1413 1418
1414 1419
1415 1417
1415 1418
1415 1419
1415 1420
1416 1420
1417 1418
1417 1419
1417 1420
1418 1419
1418 1420
1421 1425
1421 1426
1421 1427
1422 1423
1422 1425
1422 1426
1422 1427
1423 1424
1423 1425
1423 1426
1423 1427
1424 1425
1424 1426
1424 1427
1425 1426
1425 1427
1428 1429
1428 1430
1428 1431
1428 1433
1428 1451
1429 1430
1429 1431
1429 1432
1429 1433
1429 1437
1430 1431
1430 1432
1430 1433
1430 1434
1431 1432
1432 1448
1432 1450
1434 1435
1434 1442
1435 1436
1436 1439
1436 1443
1436 1448
1437 1443
1437 1467
1437 1470
1437 1472
1438 1439
1438 1440
1438 1441
1438 1442
1439 1443
1440 1441
1440 1442
1440 1443
1440 1446
1441 1442
1441 1443
1442 1443
1444 1445
1444 1446
1444 1447
1444 1448
1445 1448
1445 1449
1446 1447
1446 1448
1447 1456
1449 1450
1449 1451
1449 1452
1449 1453
1449 1454
1450 1451
1450 1452
1450 1453
1450 1454
1450 1479
1451 1452
1451 1454
1452 1453
1452 1454
1452 1459
1453 1454
1455 1456
1455 1458
1455 1459
1456 1457
1456 1458
1456 1459
1456 1460
1456 1463
1457 1459
1457 1460
1457 1476
1458 1459
1458 1493
1459 1460
1461 1464
1461 1465
1462 1463
1462 1464
1462 1465
1462 1466
1462 1470
1463 1464
1463 1465
1464 1465
1464 1472
1464 1476
1465 1466
1465 1492
1467 1468
1467 1469
1467 1470
1467 1472
1468 1470
1468 1472
1469 1470
1469 1471
1470 1471
1470 1472
1471 1472
1473 1474
1473 1475
1473 1476
1473 1477
1473 1478
1474 1475
1474 1476
1474 1477
1474 1478
1475 1476
1475 1477
1475 1478
1475 1485
1475 1486
1476 1477
1476 1478
1477 1478
1477 1490
1479 1480
1479 1481
1479 1482
1479 1483
1479 1484
1479 1487
1480 1481
1480 1482
1480 1483
1480 1484
1481 1482
1481 1483
1481 1484
1481 1493
1481 1508
1482 1483
1482 1484
1482 1489
1485 1486
1485 1487
1485 1490
1486 1487
1486 1488
1486 1490
1487 1488
1487 1489
1487 1490
1488 1489
1488 1490
1489 1490
1491 1492
1491 1493
1491 1494
1491 1495
1491 1496
1492 1495
1492 1496
1492 1502
1493 1494
1493 1495
1493 1496
1494 1495
1494 1496
1495 1496
1496 1500
1497 1498
1497 1499
1497 1500
1497 1502
1498 1500
1498 1502
1499 1500
1499 1501
1499 1502
1499 1525
1500 1501
1500 1502
1500 1508
1501 1502
1501 1507
1503 1505
1503 1506
1503 1507
1503 1508
1504 1505
1504 1507
1504 1508
1504 1510
1505 1506
1505 1507
1505 1508
1506 1507
1506 1508
1508 1510
1509 1518
1509 1519
1509 1521
1511 1512
1511 1513
1511 1525
1512 1513
1513 1515
1514 1515
1514 1519
1514 1525
1515 1518
1515 1519
1515 1520
1516 1517
1516 1518
1516 1519
1516 1520
1517 1518
1517 1519
1517 1520
1518 1519
1519 1520
1521 1522
1521 1523
1521 1524
1522 1523
1522 1524
1522 1525
1522 1526
1523 1524
1523 1525
1523 1526
1524 1525
1525 1526
1525 1550
1527 1530
1527 1535
1528 1529
1528 1530
1528 1537
1528 1540
1529 1530
1529 1531
1530 1531
1530 1533
1531 1543
1532 1533
1532 1534
1532 1536
1532 1537
1533 1534
1533 1535
1533 1536
1533 1537
1533 1539
1534 1536
1534 1537
1535 1536
1536 1537
1537 1541
1538 1539
1538 1540
1538 1542
1538 1543
1539 1540
1539 1541
1539 1542
1539 1543
1540 1541
1540 1543
1541 1542
1542 1543
1543 1550
1544 1545
1544 1546
1544 1547
1544 1548
1544 1549
1544 1556
1545 1546
1545 1547
1545 1548
1546 1547
1546 1549
1546 1552
1546 1556
1546 1557
1547 1548
1547 1549
1548 1549
1548 1552
1550 1553
1550 1554
1550 1556
1551 1552
1551 1553
1551 1554
1552 1553
1552 1554
1553 1555
1554 1555
1556 1557
1556 1562
1558 1559
1558 1560
1558 1561
1558 1562
1558 1563
1558 1574
1558 1599
1559 1561
1559 1562
1559 1563
1560 1561
1560 1563
1561 1563
1562 1563
1562 1565
1563 1569
1564 1565
1564 1566
1564 1567
1564 1568
1564 1569
1565 1566
1565 1567
1565 1569
1565 1577
1565 1594
1566 1567
1566 1568
1566 1577
1567 1568
1567 1569
1568 1569
1570 1571
1570 1572
1570 1574
1570 1575
1571 1573
1571 1574
1571 1575
1572 1573
1572 1574
1572 1575
1572 1581
1572 1585
1573 1574
1573 1575
1574 1575
1574 1580
1574 1584
1576 1577
1576 1578
1576 1579
1576 1580
1576 1581
1577 1578
1577 1579
1577 1580
1578 1579
1578 1580
1579 1580
1579 1581
1580 1581
1581 1601
1582 1583
1582 1584
1582 1585
1582 1586
1582 1588
1583 1584
1583 1585
1583 1586
1583 1598
1584 1587
1585 1586
1585 1587
1585 1614
1586 1587
1588 1589
1588 1590
1588 1591
1588 1592
1588 1593
1588 1598
1589 1590
1589 1591
1589 1592
1589 1608
1590 1591
1590 1592
1590 1593
1590 1600
1591 1592
1591 1593
1592 1593
1593 1613
1594 1596
1594 1597
1594 1598
1594 1599
1595 1597
1596 1597
1596 1598
1596 1608
1597 1598
1597 1599
1598 1599
1600 1601
1600 1602
1600 1603
1600 1604
1601 1602
1601 1603
1601 1604
1601 1607
1601 1614
1602 1603
1602 1604
1603 1604
1603 1605
1603 1611
1604 1605
1606 1607
1606 1608
1606 1610
1606 1611
1607 1608
1607 1609
1607 1610
1607 1611
1608 1609
1608 1610
1608 1611
1609 1610
1609 1611
1610 1611
1610 1613
1612 1613
1612 1614
1612 1662
1613 1614
1615 1616
1615 1617
1615 1618
1615 1619
1615 1620
1615 1625
1615 1632
1616 1617
1616 1618
1616 1619
1616 1621
1616 1625
1617 1618
1617 1619
1617 1620
1617 1625
1618 1619
1619 1620
1621 1624
1621 1625
1621 1626
1622 1623
1622 1624
1622 1625
1623 1625
1623 1626
1624 1626
1624 1637
1625 1626
1627 1628
1627 1629
1627 1630
1627 1632
1627 1633
1628 1629
1628 1630
1628 1631
1629 1631
1629 1634
1630 1631
1630 1632
1630 1636
1631 1632
1631 1633
1633 1634
1633 1636
1634 1635
1634 1636
1634 1647
1635 1636
1637 1638
1637 1639
1637 1640
1637 1641
1637 1642
1638 1639
1638 1640
1638 1642
1639 1640
1639 1641
1639 1642
1639 1657
1640 1650
1640 1660
1641 1642
1641 1643
1643 1644
1643 1645
1643 1646
1643 1647
1643 1648
1644 1645
1644 1646
1644 1647
1644 1649
1644 1654
1645 1648
1646 1647
1646 1648
1647 1648
1648 1650
1649 1650
1649 1651
1649 1654
1650 1651
1650 1652
1650 1653
1650 1654
1651 1652
1651 1653
1652 1653
1652 1667
1653 1654
1655 1656
1655 1657
1655 1658
1655 1659
1655 1660
1655 1664
1656 1657
1656 1659
1656 1660
1657 1658
1657 1659
1657 1666
1658 1659
1658 1660
1659 1660
1659 1661
1661 1662
1661 1664
1661 1665
1661 1666
1661 1669
1662 1663
1662 1664
1662 1665
1662 1666
1663 1664
1663 1665
1664 1665
1665 1666
1667 1668
1667 1669
1667 1670
1667 1671
1668 1670
1669 1670
1669 1671
1672 1673
1672 1674
1672 1675
1672 1676
1672 1677
1672 1679
1672 1681
1673 1675
1673 1676
1674 1675
1674 1676
1674 1677
1675 1676
1675 1677
1675 1679
1677 1684
1677 1693
1678 1679
1678 1680
1678 1681
1678 1682
1678 1683
1678 1684
1679 1680
1679 1682
1680 1682
1681 1682
1681 1683
1681 1691
1682 1683
1684 1685
1684 1691
1684 1693
1685 1686
1685 1687
1685 1688
1685 1689
1685 1690
1685 1701
1686 1687
1686 1689
1686 1690
1687 1688
1687 1689
1687 1702
1688 1689
1688 1690
1689 1690
1689 1703
1690 1701
1691 1692
1691 1694
1693 1694
1693 1696
1695 1696
1695 1697
1695 1698
1695 1699
1695 1700
1696 1697
1696 1698
1696 1699
1696 1700
1697 1698
1697 1700
1697 1701
1698 1699
1698 1700
1698 1710
1699 1710
1700 1710
1701 1702
1701 1703
1702 1703
1704 1705
1704 1706
1704 1707
1704 1708
1704 1709
1705 1706
1705 1707
1705 1708
1705 1709
1706 1707
1706 1708
1706 1709
1706 1718
1707 1708
1707 1709
1707 1734
1708 1743
1709 1710
1709 1734
1710 1718
1711 1712
1711 1713
1711 1715
1711 1716
1712 1713
1712 1715
1712 1716
1712 1718
1712 1719
1713 1714
1713 1716
1713 1717
1713 1728
1713 1729
1714 1716
1715 1716
1717 1718
1717 1719
1717 1720
1717 1721
1718 1719
1719 1720
1719 1721
1719 1722
1720 1721
1720 1722
1721 1722
1723 1724
1723 1725
1723 1727
1723 1728
1723 1729
1724 1725
1724 1726
1724 1727
1724 1728
1725 1726
1725 1727
1725 1728
1726 1727
1726 1728
1726 1729
1727 1728
1727 1739
1728 1729
1729 1747
1730 1731
1730 1732
1730 1733
1730 1734
1730 1735
1731 1732
1731 1734
1731 1735
1732 1733
1732 1735
1733 1734
1733 1735
1734 1735
1734 1737
1735 1739
1735 1743
1736 1737
1736 1738
1736 1739
1736 1741
1737 1738
1737 1740
1738 1739
1738 1740
1739 1740
1739 1741
1740 1741
1740 1742
1741 1745
1742 1743
1742 1744
1742 1745
1742 1746
1743 1744
1743 1745
1743 1746
1744 1745
1745 1746
1746 1747
1748 1749
1748 1750
1748 1751
1748 1753
1748 1758
1749 1750
1749 1751
1749 1752
1749 1753
1749 1757
1750 1751
1750 1752
1750 1753
1750 1755
1751 1752
1751 1753
1752 1753
1752 1754
1753 1758
1754 1755
1754 1756
1754 1758
1755 1756
1755 1757
1755 1758
1755 1759
1756 1757
1756 1758
1756 1759
1757 1758
1757 1759
1758 1759
1760 1761
1760 1762
1760 1763
1760 1764
1760 1765
1760 1766
1760 1767
1761 1763
1761 1764
1761 1765
1761 1766
1762 1763
1762 1764
1762 1765
1762 1768
1763 1764
1763 1765
1763 1766
1766 1767
1766 1768
1767 1768
1769 1770
1769 1773
1769 1774
1769 1788
1770 1771
1770 1772
1770 1773
1770 1774
1770 1784
1770 1786
1770 1789
1771 1772
1771 1773
1771 1774
1772 1773
1772 1788
1773 1774
1775 1776
1775 1777
1775 1778
1775 1779
1776 1777
1776 1780
1776 1782
1777 1778
1777 1779
1777 1780
1777 1783
1778 1779
1778 1780
1779 1780
1779 1792
1779 1803
1780 1784
1781 1782
1781 1783
1781 1784
1781 1786
1782 1783
1782 1785
1783 1784
1783 1785
1783 1786
1784 1785
1784 1786
1787 1788
1787 1789
1787 1790
1788 1789
1789 1790
1789 1791
1789 1792
1789 1818
1790 1792
1791 1792
1793 1794
1793 1795
1793 1796
1793 1798
1793 1805
1794 1795
1794 1796
1794 1797
1794 1798
1794 1805
1795 1796
1795 1797
1795 1798
1796 1797
1796 1798
1796 1806
1796 1809
1797 1798
1798 1805
1799 1800
1799 1802
1799 1803
1799 1804
1800 1801
1800 1802
1800 1803
1800 1804
1800 1811
1801 1803
1801 1804
1801 1805
1802 1803
1802 1804
1803 1804
1804 1805
1804 1811
1806 1807
1806 1808
1806 1809
1806 1811
1807 1808
1807 1809
1807 1810
1807 1811
1807 1838
1808 1809
1808 1811
1809 1811
1810 1811
1812 1813
1812 1814
1812 1815
1812 1816
1813 1815
1813 1816
1813 1817
1814 1815
1814 1816
1814 1817
1814 1839
1814 1844
1815 1816
1815 1817
1816 1817
1817 1818
1817 1822
1817 1834
1818 1819
1818 1820
1818 1821
1818 1822
1818 1823
1818 1825
1819 1820
1819 1821
1819 1823
1820 1821
1820 1822
1820 1823
1821 1823
1822 1823
1823 1825
1824 1825
1824 1826
1824 1827
1824 1828
1824 1829
1825 1826
1825 1827
1825 1829
1826 1827
1826 1828
1827 1828
1827 1829
1827 1835
1829 1832
1829 1834
1830 1832
1830 1833
1830 1834
1831 1832
1831 1834
1831 1835
1832 1834
1832 1835
1833 1834
1833 1835
1834 1835
1834 1841
1836 1837
1836 1838
1836 1839
1836 1840
1836 1841
1836 1860
1837 1838
1837 1839
1837 1840
1837 1841
1838 1839
1838 1840
1839 1840
1839 1841
1841 1846
1842 1844
1842 1845
1842 1846
1843 1845
1843 1846
1844 1845
1844 1846
1845 1846
1847 1848
1847 1849
1847 1850
1847 1856
1847 1857
1848 1849
1848 1850
1849 1854
1849 1860
1849 1861
1851 1852
1851 1853
1851 1854
1851 1855
1851 1856
1852 1853
1852 1854
1852 1855
1852 1856
1853 1854
1853 1855
1853 1856
1854 1855
1854 1869
1854 1876
1855 1856
1856 1858
1857 1858
1857 1859
1857 1860
1857 1861
1857 1862
1858 1859
1858 1860
1858 1861
1858 1862
1859 1860
1859 1861
1859 1862
1860 1861
1860 1862
1861 1862
1863 1864
1863 1865
1863 1866
1863 1868
1864 1865
1864 1866
1864 1867
1864 1868
1864 1878
1865 1866
1865 1867
1865 1875
1866 1867
1866 1868
1866 1871
1866 1875
1866 1880
1869 1870
1869 1871
1869 1872
1869 1874
1870 1872
1870 1873
1870 1874
1871 1872
1871 1873
1871 1874
1872 1873
1872 1874
1872 1893
1873 1874
1873 1892
1874 1892
1875 1876
1875 1877
1875 1878
1875 1879
1875 1880
1876 1878
1877 1878
1878 1879
1878 1880
1879 1880
1881 1882
1881 1883
1881 1884
1881 1887
1881 1890
1882 1884
1883 1884
1884 1885
1884 1886
1884 1888
1885 1886
1885 1887
1885 1888
1885 1890
1886 1887
1886 1888
1886 1890
1887 1890
1889 1890
1891 1892
1891 1899
1892 1893
1893 1894
1893 1895
1893 1896
1894 1896
1894 1897
1894 1898
1894 1899
1895 1896
1895 1897
1895 1898
1895 1899
1896 1897
1896 1898
1896 1899
1897 1898
1898 1899
