594
6 1 2 3 4 5 6
6 7 8 9 10 11 12
6 13 14 15 16 17 18
6 19 20 21 22 23 24
6 25 26 27 28 29 30
6 33 34 35 36 31 32
6 37 38 39 40 41 42
5 43 44 45 46 47
1 48
1 49
1 50
1 51
1 52
1 53
1 54
6 55 56 57 58 59 60
1 61
1 62
6 65 66 67 68 63 64
6 69 70 71 72 73 74
6 75 76 77 78 79 80
1 81
1 82
1 83
1 84
1 85
1 86
6 87 88 89 90 91 92
6 97 98 93 94 95 96
6 99 100 101 102 103 104
1 105
1 106
1 107
6 108 109 110 111 112 113
6 114 115 116 117 118 119
6 120 121 122 123 124 125
6 129 130 131 126 127 128
6 132 133 134 135 136 137
6 138 139 140 141 142 143
6 144 145 146 147 148 149
1 150
1 151
1 152
1 153
1 154
1 155
5 156 157 158 159 160
6 161 162 163 164 165 166
6 167 168 169 170 171 172
6 173 174 175 176 177 178
6 179 180 181 182 183 184
6 185 186 187 188 189 190
5 193 194 195 191 192
5 196 197 198 199 200
1 201
1 202
1 203
1 204
1 205
1 206
1 207
1 208
1 209
1 210
1 211
1 212
1 213
1 214
1 215
1 216
1 217
1 218
6 219 220 221 222 223 224
6 225 226 227 228 229 230
6 231 232 233 234 235 236
6 237 238 239 240 241 242
1 243
1 244
6 245 246 247 248 249 250
6 251 252 253 254 255 256
6 257 258 259 260 261 262
6 263 264 265 266 267 268
6 269 270 271 272 273 274
6 275 276 277 278 279 280
6 281 282 283 284 285 286
6 289 290 291 292 287 288
6 293 294 295 296 297 298
1 299
1 300
6 301 302 303 304 305 306
6 307 308 309 310 311 312
6 313 314 315 316 317 318
6 321 322 323 324 319 320
6 325 326 327 328 329 330
1 331
1 332
1 333
1 334
1 335
1 336
1 337
6 338 339 340 341 342 343
6 344 345 346 347 348 349
6 353 354 355 350 351 352
6 356 357 358 359 360 361
6 362 363 364 365 366 367
6 368 369 370 371 372 373
1 374
1 375
6 376 377 378 379 380 381
6 385 386 387 382 383 384
1 388
1 389
1 390
1 391
5 392 393 394 395 396
6 397 398 399 400 401 402
6 403 404 405 406 407 408
6 409 410 411 412 413 414
5 417 418 419 415 416
1 420
1 421
1 422
1 423
1 424
1 425
5 426 427 428 429 430
6 431 432 433 434 435 436
6 437 438 439 440 441 442
6 443 444 445 446 447 448
1 449
1 450
1 451
6 452 453 454 455 456 457
6 458 459 460 461 462 463
1 464
1 465
1 466
6 467 468 469 470 471 472
6 473 474 475 476 477 478
6 481 482 483 484 479 480
6 485 486 487 488 489 490
1 491
1 492
1 493
6 494 495 496 497 498 499
6 500 501 502 503 504 505
6 506 507 508 509 510 511
1 512
1 513
1 514
1 515
1 516
1 517
6 518 519 520 521 522 523
6 524 525 526 527 528 529
6 530 531 532 533 534 535
6 536 537 538 539 540 541
6 545 546 547 542 543 544
6 548 549 550 551 552 553
1 554
1 555
1 556
1 557
1 558
1 559
1 560
1 561
1 562
1 563
6 564 565 566 567 568 569
5 570 571 572 573 574
1 575
1 576
1 577
1 578
1 579
1 580
6 581 582 583 584 585 586
1 587
1 588
1 589
1 590
1 591
1 592
6 593 594 595 596 597 598
1 599
1 600
1 601
1 602
6 603 604 605 606 607 608
6 609 610 611 612 613 614
1 615
6 616 617 618 619 620 621
6 622 623 624 625 626 627
6 628 629 630 631 632 633
6 634 635 636 637 638 639
6 641 642 643 644 645 640
1 646
1 647
1 648
1 649
1 650
1 651
6 652 653 654 655 656 657
6 658 659 660 661 662 663
1 664
1 665
1 666
1 667
1 668
1 669
1 670
1 671
1 672
1 673
1 674
1 675
1 676
1 677
1 678
1 679
1 680
6 681 682 683 684 685 686
6 687 688 689 690 691 692
6 693 694 695 696 697 698
6 699 700 701 702 703 704
6 705 706 707 708 709 710
1 711
1 712
1 713
1 714
1 715
1 716
1 717
6 718 719 720 721 722 723
6 724 725 726 727 728 729
1 730
1 731
1 732
1 733
6 737 738 739 734 735 736
6 740 741 742 743 744 745
6 746 747 748 749 750 751
6 752 753 754 755 756 757
6 758 759 760 761 762 763
6 769 764 765 766 767 768
6 770 771 772 773 774 775
6 776 777 778 779 780 781
6 782 783 784 785 786 787
6 788 789 790 791 793 800
1 792
6 794 795 796 797 798 799
1 801
1 802
1 803
1 804
1 805
1 806
6 807 808 809 810 811 812
6 813 814 815 816 817 818
6 819 820 821 822 823 824
6 825 826 827 828 829 830
1 831
1 832
1 833
6 834 835 836 837 838 839
6 840 841 842 843 844 845
6 846 847 848 849 850 851
1 852
1 853
1 854
1 855
1 856
1 857
1 858
1 859
1 860
1 861
1 862
1 863
1 864
1 865
6 866 867 868 869 870 871
6 872 873 874 875 876 877
6 878 879 880 881 882 883
1 884
1 885
1 886
1 887
1 888
1 889
1 890
6 891 892 893 894 895 896
1 897
1 898
1 899
1 900
1 901
1 902
6 903 904 905 906 907 908
6 909 910 911 912 913 914
6 915 916 917 918 919 920
1 921
1 922
1 923
1 924
1 925
6 929 930 931 926 927 928
6 932 933 934 935 936 937
1 938
1 939
1 940
1 941
1 942
1 943
6 944 945 946 947 948 949
6 950 951 952 953 954 955
6 961 956 957 958 959 960
4 962 963 964 965
1 966
1 967
1 968
1 969
1 970
1 971
6 972 973 974 975 976 977
6 978 979 980 981 982 983
6 984 985 986 987 988 989
6 993 994 995 990 991 992
4 996 997 998 999
1 1000
1 1001
1 1002
1 1003
1 1004
1 1005
1 1006
1 1007
1 1008
6 1009 1010 1011 1012 1013 1014
6 1015 1016 1017 1018 1019 1020
6 1025 1026 1021 1022 1023 1024
6 1027 1028 1029 1030 1031 1032
1 1033
1 1034
1 1035
1 1036
1 1037
1 1038
6 1039 1040 1041 1042 1043 1044
6 1045 1046 1047 1048 1049 1050
1 1051
6 1057 1052 1053 1054 1055 1056
1 1058
6 1059 1060 1061 1062 1063 1064
6 1065 1066 1067 1068 1069 1070
6 1071 1072 1073 1074 1075 1076
1 1077
5 1078 1079 1080 1081 1082
6 1083 1084 1085 1086 1087 1088
6 1089 1090 1091 1092 1093 1094
6 1095 1096 1097 1098 1099 1100
6 1101 1102 1103 1104 1105 1106
6 1107 1108 1109 1110 1111 1112
6 1113 1114 1115 1116 1117 1118
6 1121 1122 1123 1124 1119 1120
6 1125 1126 1127 1128 1129 1130
6 1131 1132 1133 1134 1135 1136
6 1137 1138 1139 1140 1141 1142
6 1143 1144 1145 1146 1147 1148
1 1149
2 1150 1151
6 1153 1154 1155 1156 1157 1152
6 1158 1159 1160 1161 1162 1163
6 1164 1165 1166 1167 1168 1169
6 1170 1171 1172 1173 1174 1175
1 1176
1 1177
6 1178 1179 1180 1181 1182 1183
1 1184
1 1185
1 1186
1 1187
1 1188
1 1189
1 1190
1 1191
1 1192
1 1193
1 1194
1 1195
6 1196 1197 1198 1199 1200 1201
6 1202 1203 1204 1205 1206 1207
6 1208 1209 1210 1211 1212 1213
6 1217 1218 1219 1214 1215 1216
6 1220 1221 1222 1223 1224 1225
6 1226 1227 1228 1229 1230 1231
6 1232 1233 1234 1235 1236 1237
1 1238
1 1239
1 1240
1 1241
1 1242
6 1243 1244 1245 1246 1247 1248
4 1249 1250 1251 1252
6 1253 1254 1255 1256 1257 1258
6 1259 1260 1261 1262 1263 1264
6 1265 1266 1267 1268 1269 1270
5 1271 1272 1273 1274 1275
6 1281 1276 1277 1278 1279 1280
6 1282 1283 1284 1285 1286 1287
1 1288
1 1289
1 1290
5 1291 1292 1293 1294 1295
6 1296 1297 1298 1299 1300 1301
6 1302 1303 1304 1305 1306 1307
6 1313 1308 1309 1310 1311 1312
6 1314 1315 1316 1317 1318 1319
6 1320 1321 1322 1323 1324 1325
1 1326
5 1327 1328 1329 1330 1331
6 1332 1333 1334 1335 1336 1337
5 1338 1339 1340 1341 1342
6 1345 1346 1347 1348 1343 1344
6 1349 1350 1351 1352 1353 1354
5 1355 1356 1357 1358 1359
6 1360 1361 1362 1363 1364 1365
6 1366 1367 1368 1369 1370 1371
6 1377 1372 1373 1374 1375 1376
6 1378 1379 1380 1381 1382 1383
6 1384 1385 1386 1387 1388 1389
1 1390
1 1391
6 1392 1393 1394 1395 1396 1397
6 1398 1399 1400 1401 1402 1403
6 1409 1404 1405 1406 1407 1408
5 1410 1411 1412 1413 1414
1 1415
1 1416
1 1417
1 1418
1 1419
1 1420
1 1421
6 1422 1423 1424 1425 1426 1427
6 1428 1429 1430 1431 1432 1433
1 1434
1 1435
1 1436
1 1437
6 1441 1442 1443 1438 1439 1440
1 1444
1 1445
1 1446
1 1447
1 1448
6 1449 1450 1451 1452 1453 1454
6 1455 1456 1457 1458 1459 1460
6 1461 1462 1463 1464 1465 1466
6 1467 1468 1469 1470 1471 1472
6 1473 1474 1475 1476 1477 1478
6 1479 1480 1481 1482 1483 1484
6 1485 1486 1487 1488 1489 1490
6 1491 1492 1493 1494 1495 1496
6 1497 1498 1499 1500 1501 1502
6 1505 1506 1507 1508 1503 1504
1 1509
1 1510
1 1511
1 1512
1 1513
1 1514
6 1515 1516 1517 1518 1519 1520
6 1521 1522 1523 1524 1525 1526
1 1527
1 1528
1 1529
1 1530
1 1531
6 1537 1532 1533 1534 1535 1536
6 1538 1539 1540 1541 1542 1543
6 1544 1545 1546 1547 1548 1549
1 1550
1 1551
1 1552
1 1553
1 1554
1 1555
1 1556
1 1557
6 1558 1559 1560 1561 1562 1563
6 1569 1564 1565 1566 1567 1568
6 1570 1571 1572 1573 1574 1575
6 1576 1577 1578 1579 1580 1581
6 1582 1583 1584 1585 1586 1587
6 1588 1589 1590 1591 1592 1593
6 1594 1595 1596 1597 1598 1599
6 1601 1602 1603 1604 1605 1600
6 1606 1607 1608 1609 1610 1611
1 1612
1 1613
1 1614
6 1615 1616 1617 1618 1619 1620
6 1621 1622 1623 1624 1625 1626
1 1627
1 1628
1 1629
1 1630
1 1631
1 1632
1 1633
1 1634
1 1635
1 1636
6 1637 1638 1639 1640 1641 1642
6 1643 1644 1645 1646 1647 1648
6 1649 1650 1651 1652 1653 1654
6 1655 1656 1657 1658 1659 1660
6 1665 1666 1661 1662 1663 1664
1 1667
1 1668
1 1669
1 1670
1 1671
6 1672 1673 1674 1675 1676 1677
6 1678 1679 1680 1681 1682 1683
1 1684
6 1685 1686 1687 1688 1689 1690
1 1691
1 1692
1 1693
1 1694
6 1697 1698 1699 1700 1695 1696
1 1701
1 1702
1 1703
6 1704 1705 1706 1707 1708 1709
1 1710
6 1711 1712 1713 1714 1715 1716
1 1717
1 1718
4 1721 1722 1719 1720
6 1723 1724 1725 1726 1727 1728
1 1729
6 1730 1731 1732 1733 1734 1735
6 1736 1737 1738 1739 1740 1741
6 1742 1743 1744 1745 1746 1747
6 1748 1749 1750 1751 1752 1753
6 1754 1755 1756 1757 1758 1759
6 1761 1762 1763 1764 1765 1760
1 1766
1 1767
1 1768
6 1769 1770 1771 1772 1773 1774
6 1775 1776 1777 1778 1779 1780
6 1781 1782 1783 1784 1785 1786
6 1787 1788 1789 1790 1791 1792
6 1793 1794 1795 1796 1797 1798
6 1799 1800 1801 1802 1803 1804
1 1805
6 1806 1807 1808 1809 1810 1811
6 1812 1813 1814 1815 1816 1817
6 1818 1819 1820 1821 1822 1823
6 1825 1826 1827 1828 1829 1824
6 1830 1831 1832 1833 1834 1835
6 1836 1837 1838 1839 1840 1841
1 1842
1 1843
1 1844
1 1845
1 1846
1 1847
1 1848
1 1849
1 1850
6 1851 1852 1853 1854 1855 1856
6 1857 1858 1859 1860 1861 1862
6 1863 1864 1865 1866 1867 1868
6 1869 1870 1871 1872 1873 1874
6 1875 1876 1877 1878 1879 1880
4 1881 1882 1883 1884
1 1885
1 1886
1 1887
1 1888
1 1889
1 1890
1 1891
1 1892
1 1893
6 1894 1895 1896 1897 1898 1899
1 1900
