1000 1000
1 -9982293518403895 9963228905092794
2 -9940630859443499 9960526599918086
3 -9918874513109462 9948909359774804
4 -9916460515391271 9895477172247496
3 -9918874513109644 9959866863629937
2 -9940630859444142 9960526599917909
1 -9984172142921032 9944859589858520
5 -9915478976887299 9851266871868898
7 -9917335341325091 9917695767484811
1 -9941100492908074 9960056966453356
10 -9914276828418347 9852469020338506
12 -9914979138587166 9851766710168586
3 -9887024800849978 9944669487034643
5 -9877272057902831 9844304508987901
7 -9917335341324820 9946208658819049
8 -9982322355574721 9931471019084350
11 -9916043732732871 9931823545318367
5 -9892670819522910 9848918930428184
14 -9796882955823236 9917138767846096
18 -9866454280966537 9896882416399722
13 -9892894490062308 9825163539963489
13 -9915702647426212 9844080838448294
10 -9891468671052993 9850121078898033
11 -9916043732732806 9949423151659871
12 -9866378148314849 9851766710168281
1 -9984172142920336 9963228905093533
3 -9887024800850061 9944669487034767
2 -9918214776821114 9945329223321834
1 -9982293518403510 9944859589858516
13 -9877495728442171 9848695259889820
2 -9940630859444191 9945329223322549
20 -9650144244008912 9897032293081210
27 -9968270849608811 9944944139745483
7 -9915018352834140 9917695767484436
15 -9796715831826190 9804589577571009
31 -9866686144098790 9849110772944999
25 -9892698733194121 9945720121093688
8 -9982322355575249 9916317861353156
24 -9891755243017425 9805434405664107
7 -9892210195468790 9932848925216298
37 -9791391303471529 9845228707893431
26 -9791145772049218 9845474239314968
25 -9877299971574184 9949959993833906
36 -9796927455664594 9804377953732311
17 -9968787145394684 9895138519945439
20 -9791741920047190 9917808725760577
17 -9982725264303462 9849946681061830
9 -9877439215711946 9825220052694240
35 -9884686109381740 9850179074167114
37 -9861129444968960 9815203689537805
37 -9791391303470879 9815203689538235
27 -9968270849608532 9944944139745927
14 -9862150019459586 9945651659181060
20 -9791741920046827 9897032293081496
41 -9861826123552015 9849146450750879
18 -9915055271238791 9896882416399927
32 -9915138390883183 9932728887167113
30 -9982697114514966 9931096260144735
7 -9915018352833878 9946208658818572
53 -9918666970450572 9916364138359267
31 -9877080215386188 9844496351504601
59 -9940659908298730 9896010850452954
50 -9875724274395611 9850466713935773
14 -9796882955823342 9917138767846712
52 -9648797895316320 9778758527111640
52 -9790395571353830 9816199421654845
55 -9650867115440265 9851117582767878
64 -9860993471375201 9826447383002653
9 -9892837977331206 9851099714060000
48 -9973942569824515 9849271349748262
66 -9617530883323316 9726417029019447
34 -9917918309097245 9896336367032679
10 -9884744104650450 9918437291900122
9 -9877439215712041 9848751772619597
65 -9657933803785642 9850635266561409
5 -9915478976887735 9896458710751046
57 -9914913906411587 9825952280978636
13 -9886169923659226 9844080838448657
15 -9877201309490656 9804589577571076
5 -9885946253119736 9896458710751313
21 -9862422062620510 9896090292005472
8 -9972864329783320 9895541428672888
46 -9894164419142878 9823893610882962
19 -9885184909001956 9849680274546594
71 -9917845415713822 9841938070162045
69 -9860545802913803 9778346437048737
57 -9866312916138758 9849484000904124
46 -9894164419142892 9849773272249210
36 -9657443073904363 9776697720661729
53 -9916349981958677 9931517296091926
79 -9867161327866386 9804235487907189
80 -9795993696509025 9755040791078526
85 -9886165376749253 9848699806799102
59 -9940659908298931 9916787283132676
18 -9866454280965992 9917658849079967
33 -9615181910591832 9849481495796889
85 -9867097110244225 9844085385358266
18 -9892247113873735 9849342636077040
23 -9914732211055401 9805265594989832
83 -9915711161662676 9844072324213261
62 -9866177373614540 9814980103631746
22 -9863059690850455 9775832549111553
80 -9866085102885162 9725613225190510
32 -9885605667115559 9946088620768851
11 -9886511008964782 9945183278920280
98 -9867572209370724 9813585267875746
27 -9968270849608221 9960141516340849
93 -9649719772605340 9675636420525958
67 -9648664811254372 9816332505716866
1 -9968355399495491 9944859589858099
95 -9915871850570272 9896065837068514
105 -9877330775248338 9917176426086044
99 -9861421916748764 9826018937628501
94 -9797298180130011 9824875610611043
78 -9891983575359521 9789602569089181
37 -9865953787709320 9815203689537258
78 -9876584813739347 9826074454666252
1 -9984172142920430 9944859589857920
67 -9632222275960561 9778891611172199
88 -9865427297765464 9826837899352307
29 -9918316273926888 9931867992614449
97 -9558469234744082 9826242580192812
14 -9886042628703925 9917138767846247
79 -9877555399154264 9788631983674585
92 -9867527314567931 9776189268135400
34 -9892793163241452 9896336367032580
90 -9634848307483012 9676922024811007
20 -9744332430485416 9849492512759096
52 -9742986081792337 9806438760181433
65 -9792947107684715 9895827105444094
26 -9791145772049302 9852436602195939
91 -9893457466691548 9895672063582591
48 -9919791487498731 9846923408308291
3 -9916557524618503 9944669487034852
56 -9861167583219996 9849804991083445
99 -9866246259489898 9826018937628310
113 -9861286917053216 9845071235810121
77 -9885890311340228 9844360450767364
39 -9973166488336026 9916015702799882
17 -9941532238806959 9931068110357047
118 -9865372606969139 9806024208804398
129 -9633914865648627 9844664934384808
27 -9984087593033272 9944944139745058
65 -9745537618123014 9848287325121125
64 -9876211885403271 9849979102928297
23 -9876525292071537 9789662090757290
30 -9968758995606274 9849974830850521
20 -9796212997908988 9849492512758835
53 -9941083053072162 9944877029693279
6 -9893597642332487 9931461478353156
3 -9916557524617745 9916156595700614
13 -9867101657154754 9851043201329054
65 -9651349431646657 9843672903680535
29 -9918316273927380 9895938402202311
65 -9657933803786411 9895827105444026
101 -9886511536244690 9824821927377868
138 -9860405963779196 9790563005021718
42 -9648798650656147 9827306386186613
29 -9918316273927436 9945227726216328
124 -9866211566541562 9851933291942796
17 -9973267238511831 9915914952624392
130 -9616641866776194 9779324300194972
155 -9893700381024493 9824357649000783
155 -9916508538389667 9847889368926295
146 -9860492865216323 9806079607816881
1 -9941100492907821 9944859589857929
141 -9917077185099482 9915636935218765
149 -9655934136285610 9805886891351109
38 -9886475251547455 9931859302734692
21 -9745274431561383 9843936090241348
171 -9633992935535219 9825669566013101
101 -9867443269739856 9803953546033400
71 -9920162404204864 9811913051805904
14 -9866974362199887 9851170496283926
13 -9892894490062184 9814055820092786
101 -9886511536244646 9843739225863379
78 -9885259008955850 9814966734795979
108 -9968476010552993 9916226087466739
178 -9796460288554781 9789241616609672
173 -9867704928672081 9803691887100529
67 -9790262487292096 9790968340010196
89 -9868039605788710 9843142889813961
75 -9861607344462679 9849365229840643
5 -9866877986614911 9896458710750857
52 -9790395571353949 9756167838371505
46 -9919289564998783 9823893610883213
34 -9917918309097014 9851144528150390
179 -9915866222654829 9843917263219624
160 -9892394909974995 9932664210710693
179 -9918183211146584 9916847897662794
178 -9861727352190727 9777164887771784
15 -9866807238202535 9788986073337676
193 -9861918397235226 9789050571565591
176 -9885845120091087 9776939729116374
164 -9862127221862274 9814205912644043
137 -9796820371776316 9776804804549740
50 -9795238796731531 9845852292494897
123 -9528369004596291 9776858195714696
82 -9657755408233944 9843851299232423
42 -9632356115362257 9816198666315580
181 -9863323225612430 9787645743188044
39 -9968686395220435 9895239270119431
146 -9795225801580603 9850479709086190
26 -9860883913547144 9845474239314885
35 -9914218833148864 9897718854489430
9 -9892837977331662 9851099714060552
77 -9877216116124027 9851322813647736
109 -9649791199237209 9558846378993156
80 -9791522618647356 9725613225190346
188 -9876901796848805 9825757471556706
211 -9796661749145938 9825512041595781
170 -9877915739460186 9931744619605812
158 -9795447420693447 9726159501005646
148 -9919582482437939 9847132413369036
35 -9884686109381983 9845564652725912
167 -9915466473684359 9945760537968035
122 -9916530595923316 9916183524395597
57 -9914913906411793 9851831942344806
70 -9891839776446683 9852097914944615
166 -9655414490099260 9790803033305033
148 -9919582482437775 9812492973572581
211 -9877147226810529 9776963427181253
195 -9885239767966250 9719903202577958
92 -9792964830329631 9724171013507887
164 -9877345635891112 9788841746937528
70 -9866046943538089 9849749973504890
76 -9617058485772831 9847604920615345
50 -9865330203107538 9850466713935846
87 -9742937855347297 9721164874892881
43 -9791824404619622 9789406422682533
206 -9866575338037398 9825689859080726
200 -9657433167732375 9788784355672596
146 -9875711279245657 9815840269289544
160 -9892394909974996 9932664210709753
8 -9972864329783725 9895541428672801
225 -9792198652666275 9677611890960186
3 -9916557524617919 9944669487034389
57 -9914913906411660 9849484000904623
89 -9893832438696317 9847757311255053
15 -9792244753964725 9844375257399511
238 -9886461897996979 9931872656285965
224 -9796601744687402 9674823202342835
232 -9796549664830811 9777075511495803
162 -9968006637256413 9850727189200760
34 -9940334391719694 9917112799712893
198 -9648528966990350 9806707688507657
76 -9635589300858784 9847604920615592
102 -9795377823717200 9790324081447276
85 -9877491181532524 9814060367002308
129 -9650357400942420 9804879254555236
161 -9791017870927799 9845602140437702
252 -9649064112780651 9827040924061266
229 -9790916670556519 9850317762249518
123 -9528369004596875 9804538428785860
101 -9916044260011946 9803953546033461
76 -9652031836151972 9847604920615938
92 -9867527314567734 9776189268135803
122 -9918847584414540 9916183524395146
27 -9984087593032957 9931584406142823
32 -9915138390883630 9946088620769247
5 -9885946253120119 9825387210502414
54 -9797674880464214 9931500000937068
86 -9917367695492460 9787026606321072
224 -9885761417569208 9582768860266856
252 -9649064112781306 9790569038484485
102 -9865469230092762 9815688247153782
189 -9867677824942891 9843504670660027
251 -9617846176347229 9755529301884331
149 -9790947440184404 9845672571180578
83 -9967699139363642 9848686745653325
262 -9867033853317151 9804362962456282
270 -9648930222460401 9816067094511091
154 -9619853773917596 9843578305953287
233 -9615809002121556 9724755815299077
124 -9796120160164858 9844970929061051
48 -9919791487498720 9849271349748600
90 -9634848307482842 9724247325022840
201 -9597006425213165 9779674078759995
112 -9886313423384435 9850899701603335
259 -9886582735674921 9850630389312631
2 -9967885766031076 9945329223321768
176 -9885845120090705 9754349040376974
176 -9885845120090967 9814380623660151
79 -9877555399154591 9804235487907386
239 -9875799833574955 9850391154756186
73 -9878366133537278 9895364635117872
237 -9656652368466842 9675288196804008
46 -9919289564998777 9842810909367648
69 -9860545802914066 9806026670119966
231 -9650295918266554 9719618625496596
241 -9649762732777181 9789870418487806
153 -9745444512109163 9824848711209180
174 -9895628166960769 9801561481720319
237 -9656652368466656 9648289666514673
235 -9876187371480875 9918319829853259
161 -9860756012425632 9815577122081655
119 -9984432100686461 9931239898489619
220 -9861265801234840 9849706773069227
54 -9658190498703965 9931500000936811
107 -9863741683547116 9802830789485424
59 -9967914814887066 9916787283132627
290 -9654824949082003 9756725156745190
84 -9887061671110435 9824271792512466
109 -9649791199237278 9648566463603930
7 -9915018352833823 9917695767484778
1 -9968355399496025 9963228905093602
193 -9744770766175724 9719331964063683
67 -9632222275961205 9816332505717203
7 -9917335341324742 9946208658818859
51 -9743938059371715 9789883278369905
75 -9796340280826676 9844750808399787
37 -9861129444969408 9815203689538002
44 -9791912401789462 9932791401750417
116 -9877135948996325 9789051433832706
285 -9878030831175473 9803760055886052
129 -9656941773081231 9844664934384813
123 -9528369004596704 9814299090258809
45 -9793354802528494 9723781041308825
154 -9619853773917655 9788189121890997
42 -9632356115361959 9816198666315163
88 -9795335891389004 9845755197836878
71 -9920162404205077 9811913051805919
52 -9742986081792439 9816199421655455
274 -9601149990469910 9803210746573719
239 -9914006752559728 9805991053486323
153 -9792854001670760 9824848711208753
74 -9861130571475608 9897381783150480
297 -9744380648329267 9754773271834268
208 -9877956345419334 9813595203115859
300 -9658952863446188 9930737636194653
229 -9790916670555654 9845703340808820
98 -9745600235571002 9788221102169589
314 -9651016898354040 9848619858414500
262 -9877427924605370 9804362962456464
115 -9657092622059507 9825596786921098
223 -9796634311320596 9719348986342196
245 -9915215859014759 9825650328375781
313 -9744695517522338 9777049091380879
73 -9916573052520785 9847824854794705
144 -9972931976483406 9944763105987204
271 -9967838028402276 9804147755345156
31 -9866686144098602 9844496351504777
24 -9876356481398416 9815195067136931
259 -9916115459442776 9850630389313157
154 -9619853773917238 9788189121890802
150 -9916521256150590 9944705755502540
343 -9861597183873150 9825843670504920
145 -9745516744849998 9813668758597182
135 -9868016438555796 9850128419928668
174 -9880229405340652 9773881248649669
246 -9918707357401407 9916323751409024
339 -9634549536578456 9677220795715149
230 -9631512726414426 9680257605880114
133 -9867312571374947 9850832287108543
123 -9559305004807145 9776858195715206
181 -9868147568352807 9775569014349854
88 -9790864813527409 9850369619277775
308 -9634614451009273 9674299206828791
118 -9860548264229180 9790420704571121
136 -9791271489044587 9815323503963750
55 -9634424580146407 9825237921401773
247 -9597747851890792 9791009380921056
216 -9860310065266050 9827130789111212
247 -9648623770344790 9756341963343699
217 -9886888291973152 9944805995911088
131 -9650834178793720 9848802577974188
4 -9893652358025869 9895477172248129
56 -9656416137823377 9815165551286781
220 -9891882976882762 9849706773068625
111 -9969235817323662 9915466280696548
161 -9791017870927911 9815577122081926
47 -9792315676221231 9917234969587106
119 -9968615357262446 9916086740757793
174 -9918436324325297 9773881248650206
66 -9598245220326888 9679091728808433
310 -9884872820489471 9918308576060670
138 -9655654518382922 9815927170728488
285 -9797545353511328 9753489134076658
184 -9796345598058481 9825828192683346
260 -9940253430473679 9851225489396196
218 -9916906433107517 9895031254531269
168 -9868286718151592 9915826411894851
362 -9569040374599165 9815020697782639
252 -9632621577486738 9806172542717199
177 -9796558888927260 9804746520470319
215 -9919373012684203 9812702443326509
153 -9797325079532702 9843766009693792
25 -9877299971575001 9949959993833328
63 -9941550639644809 9847580338784544
309 -9617825268420460 9805821131620807
216 -9875528479294264 9816023069240512
109 -9618200943781055 9675564993893574
312 -9651012807352537 9825092229489991
152 -9917163365086889 9842620120788749
30 -9982697114514676 9895166669733888
382 -9916987082312360 9894950605326112
72 -9613497840425695 9649886472036701
148 -9941998565060160 9842517991928697
88 -9743455323965741 9845755197836654
336 -9634667774980736 9813887006696116
373 -9635222160742059 9843357639291459
94 -9886457853010841 9843792909096089
375 -9880842629182660 9750677336068387
201 -9597006425212923 9807354311831032
194 -9792152840670963 9719359379131129
128 -9619436651209903 9557610671564335
158 -9795447420693875 9778177755633375
122 -9916530595922961 9916183524395355
37 -9865953787709123 9845228707893925
270 -9655514594598832 9816067094511230
197 -9792591275414119 9724544568423632
196 -9861291557475448 9755009993748302
323 -9887542670987489 9812683072764267
3 -9918874513109518 9948909359774142
187 -9887641195225811 9775143653982004
155 -9893700381024757 9843274947486085
225 -9634158441334900 9674755216503177
131 -9650834178793958 9896342358296873
53 -9918666970450274 9916364138359435
395 -9879875923024659 9841700643866724
383 -9798067706305494 9915954017363911
88 -9743455323965562 9815730179480952
53 -9893541824593980 9895587705680091
127 -9885232204166878 9851980920821536
50 -9875724274395374 9815827274139314
378 -9633076992579651 9815477789097889
412 -9744777039108921 9647768810208458
208 -9867562274130547 9848234642912423
205 -9860626175359518 9805946297674287
11 -9886511008964260 9960380655515890
206 -9876969409325371 9849221579006230
83 -9940444232775495 9896226525976574
161 -9791017870927880 9815577122081475
4 -9886927791622641 9949006369001535
230 -9742143448184167 9585346589346012
394 -9650621145891324 9814376171080656
418 -9618650853885846 9583060741712574
393 -9569039444430109 9558118254148728
233 -9619192097043660 9724755815299231
368 -9863906532581631 9847066041721035
328 -9743991572881419 9849833370361608
231 -9656880290405779 9789337232998037
365 -9632068373690478 9721403634778953
235 -9865793300192668 9850003616851133
277 -9878585958793356 9824073309612726
321 -9613032263217979 9816991703374951
95 -9886339126802827 9916842269748538
379 -9798213700954675 9717769596708501
160 -9876996148355840 9932664210710592
436 -9654970474732904 9523721524966182
267 -9865014322487289 9806382493286459
349 -9650359448371753 9754606285316532
239 -9891198595194354 9845776733315509
268 -9796933623122983 9844157466104290
214 -9744548485422564 9719554244817222
409 -9886678270605975 9916503125944342
387 -9886800705322687 9803664376955575
8 -9972864329783547 9931471019084430
131 -9745022365270083 9896342358297164
310 -9914405544257385 9946821467394855
181 -9863323225612627 9787645743188286
423 -9632673047701395 9778440839431900
356 -9481740473674334 9754436327876979
67 -9632222275960331 9790968340010054
139 -9886585157260242 9803879925017270
161 -9795488948788986 9815577122081122
212 -9797429133583248 9824744657158109
283 -9796954646145838 9674470300884541
32 -9939871461997363 9896799296754932
331 -9617390579584711 9930742197537704
161 -9795488948789447 9850216561878031
214 -9744548485423017 9674995894185501
439 -9569658526792426 9486358034225192
203 -9918494785443637 9843605688923137
406 -9634267332573488 9647647794974575
126 -9745657402926073 9676743651138659
9 -9886113410928406 9814112332823115
87 -9794818422770914 9756216064817160
18 -9866454280965994 9932812006811448
251 -9614463081424667 9755529301884763
437 -9599095788191195 9815025610327119
386 -9658066839578961 9788150683825078
402 -9570637359006778 9803663051901777
361 -9656284788071232 9815296901039145
76 -9620441580695950 9842990499175359
249 -9790688976112509 9755874433614129
272 -9745150458648666 9776594150254495
85 -9797005703868002 9804299705529069
201 -9631439808373001 9757083390021363
235 -9884861566696526 9897543397174315
34 -9915601320605980 9851144528149897
149 -9790947440183896 9845672571180342
100 -9865860274593457 9805536541179910
11 -9886511008964224 9949423151660116
190 -9877480295654821 9917026905679660
436 -9654970474732129 9559707840574420
464 -9480421129145301 9675132459134567
153 -9792854001670599 9824848711208704
274 -9560632687018690 9824079127917772
460 -9744551115988187 9851621768694958
275 -9616151820950676 9674231021802153
143 -9614924129236702 9845124855710519
396 -9919867634863292 9846847260943560
269 -9567640231575046 9679636391424625
45 -9745945312966287 9787876024774674
319 -9651257588404915 9718656955358574
177 -9877044366591741 9789143016237507
276 -9655666995951739 9845939711514819
95 -9893063693205256 9850873998185382
197 -9650993599376623 9753972134311286
148 -9969253471647828 9812492973572660
69 -9790807661416164 9806026670119223
370 -9884349070750667 9815876673000949
53 -9893541824594639 9944877029694071
145 -9657912930513801 9803908097123097
147 -9792350729016333 9788880098286806
81 -9877405065102323 9848785923229572
39 -9973166488336713 9843085068356954
169 -9617534927484112 9726412984859402
1 -9968355399495420 9963228905093367
206 -9885643604541812 9851569520445883
50 -9884398469612604 9815827274139091
359 -9617012064419748 9646372248043875
16 -9891808145930054 9852129545461309
141 -9894269027734985 9915636935218903
479 -9649057568077023 9679155299510712
430 -9743245129807466 9726481224468677
176 -9861952510846621 9776939729116262
251 -9632993896509855 9805800223694235
74 -9795863507839749 9845227581386901
247 -9648623770344345 9756341963343649
444 -9617102700864415 9676663236810880
438 -9557883123465621 9559361232860020
135 -9916617428827945 9916096691490353
333 -9651173444883522 9776382977543946
280 -9866449683494541 9825815513623118
172 -9618462910689898 9805183489351783
459 -9971882348648313 9896523409808134
61 -9892968709229422 9896160821044494
90 -9657875214916131 9724247325022144
319 -9745445774881272 9674098604726294
210 -9633214155202450 9720257853267256
262 -9862209510577034 9825231343800754
271 -9918167039192204 9825016136689426
528 -9655011541440158 9721487374463123
260 -9971988430177846 9851225489395587
405 -9556491569849316 9779671630672835
122 -9886997872155798 9931336682127581
472 -9743675987086297 9850148956158361
468 -9658223948197020 9787993575208014
495 -9797338004913580 9945196610090011
106 -9877856845646691 9916650355687288
509 -9616654097241553 9806992302799261
1 -9941100492907964 9944859589858178
267 -9865014322486894 9778702260215812
49 -9792597148309964 9804237183226174
81 -9867010993813825 9851133864669953
171 -9744623657305320 9804801184668579
171 -9618845215372821 9844586864497854
519 -9918845163790107 9813230292220716
413 -9744173725725991 9719929004513088
275 -9600249252875832 9647232491512310
550 -9633751352967252 9805042767236662
379 -9746333133531184 9673211246076577
326 -9875664423442223 9755855541809895
332 -9743815460103848 9826477763214035
298 -9941685218286278 9894985540466881
139 -9867516890756183 9803879925017383
459 -9971882348648137 9896523409808355
279 -9479259467921667 9727489767741870
249 -9743279486550044 9726446867725734
450 -9862399514257031 9916889273048285
231 -9791893594304449 9789337232997864
494 -9791938011965312 9777216086499623
385 -9613547681331972 9756444701976231
561 -9886330116198846 9776454733008454
404 -9800939754722142 9720667166976651
233 -9634339817206855 9754183381187782
96 -9866897909678984 9851246948804845
512 -9941519104031634 9775531540057401
203 -9893369639588105 9824688390438288
338 -9876487322317550 9777623331673345
380 -9796088968866161 9777536207460706
258 -9862444713839526 9753856837383886
416 -9888277212123802 9774507637084132
375 -9870448557895247 9673924469968936
342 -9893673090415612 9787913054032470
320 -9600837225663972 9723825023682171
326 -9875664423442399 9778446230548245
254 -9633148493613123 9826514007935435
474 -9559168048893980 9464569782633126
97 -9614889106270078 9849774300118936
396 -9942283717485645 9842232839503239
561 -9893054682602702 9776454733007974
441 -9794381682226869 9842238329138014
468 -9793237252094936 9803597079440495
207 -9878337909088584 9847853079243160
481 -9528012911511352 9754623600061388
177 -9861825952563130 9804746520469918
255 -9413994414821722 9789719855605012
216 -9795043001630187 9846048087596228
330 -9877257624782273 9754262340468594
249 -9743279486550540 9720823243689191
78 -9914791732723713 9805206073322524
513 -9743428032299238 9790393305442077
479 -9649057568077569 9726480599722350
481 -9558948911721808 9754623600060657
575 -9657027024821893 9777113769743729
144 -9941196976779750 9944763105986654
106 -9862638431617730 9850682084125152
65 -9651349431647283 9916603538123104
282 -9940744931180805 9931855417983074
479 -9655641940216029 9755908165610236
338 -9866093251029596 9815064226217612
355 -9863277921947330 9824162932430184
96 -9796806503302146 9848899007365489
591 -9599308768413096 9814812630104633
442 -9618472920715455 9849573580596751
65 -9792947107684916 9850635266561606
287 -9794379111929595 9823323600951139
448 -9885693595611405 9851519529376476
553 -9861690308441551 9896822046184375
203 -9916177796952018 9824688390437557
464 -9414304853158840 9719690809765467
610 -9916136607839809 9895801079799286
182 -9742598338058847 9756555582104950
125 -9868152285701610 9787641025839237
543 -9598644250458651 9678692698676299
33 -9599279342517088 9825949775871982
47 -9744906186659492 9851266698025027
480 -9792104448859552 9896669764268827
147 -9796821806877949 9719161490784580
448 -9866625329107197 9849171587937353
522 -9866259863634267 9826005333483629
193 -9861918397234827 9754383153987875
263 -9792955088965815 9916595556842333
119 -9982553476169871 9916086740757939
529 -9861001938203577 9755299613019851
299 -9655879055925403 9845727651540941
426 -9859755618718922 9816577515787330
6 -9886873075929308 9916308320621424
115 -9657092622060086 9804728405576791
94 -9886457853011649 9804007229266940
527 -9613900543928670 9676482298824028
261 -9886019320043903 9851193804943683
506 -9651372901428361 9776183520998479
176 -9885845120091125 9776939729116815
327 -9746010027578308 9803414814396206
177 -9796558888927751 9789143016237594
34 -9917918309097057 9932265957444976
553 -9861690308441932 9849282265861511
463 -9632389238339065 9778724648794201
242 -9886836736729991 9848028446818356
288 -9656631309588011 9558047005719019
519 -9972996246115904 9813230292220871
154 -9619853773917279 9813553287597540
93 -9743907959081567 9755245961082788
91 -9893457466691273 9850480224700003
289 -9919122445602850 9787588844701553
570 -9967212324471082 9851521501985681
146 -9875711279245477 9826947989160809
605 -9885662809294444 9789198768751285
661 -9967824038335568 9848561846681239
298 -9982878243781266 9849793701583824
116 -9892534710615285 9719332826331013
80 -9791522618647151 9755040791078484
406 -9650709867867182 9674646325264644
470 -9915760580969313 9844022904905939
273 -9613674832711660 9816349133880689
484 -9569768478951621 9804531931956339
362 -9569040374598863 9815020697783447
550 -9656778260400008 9805042767237366
307 -9918805058975461 9959936317763412
98 -9793009725133284 9788221102169919
651 -9877469099509428 9896261669144178
116 -9885810144212799 9776974704994714
422 -9652461155527599 9849523542680506
427 -9598008638494432 9756081176740507
561 -9893054682602405 9813895627552704
640 -9655249977524668 9790967545879967
621 -9659462626172184 9823226782809764
215 -9917056024193242 9823810163197584
146 -9790754723718646 9850479709086306
437 -9649971706644532 9754994027043743
84 -9878387475893890 9787799906935821
335 -9878267967951621 9803522919109365
428 -9651092953523944 9647264709317735
348 -9792473942024832 9788756885278449
187 -9894365761628208 9823692268397013
165 -9879153905969609 9842422660920625
646 -9886260209397191 9825073254225126
86 -9894559538127783 9802630110553908
308 -9634614451009635 9718857557460236
604 -9656320852941298 9720178062961477
611 -9863106721365109 9843251431497493
525 -9886017660013757 9825315803609330
424 -9877379678623994 9851159251146902
289 -9893997299746547 9812953010408375
229 -9860654812054020 9850317762249773
378 -9656103900012696 9805717127624549
362 -9633534083894357 9805260036309678
261 -9886019320044593 9896385643826543
188 -9892300558468596 9844674770041887
674 -9894344027708462 9948314699319514
485 -9656614755776493 9805206271860062
146 -9795225801581294 9845865287645621
611 -9863106721364475 9824334133012781
186 -9790746253506287 9676207615662714
562 -9650322838989149 9582979012065265
220 -9891882976882922 9826175053142745
598 -9792809363216447 9843810648148864
56 -9744019952160830 9805404889813717
588 -9893677698390141 9775831717221268
505 -9568135044955336 9649286373297269
583 -9792458754651434 9719053465149912
694 -9618788615295992 9674977322379022
472 -9795556554509703 9850148956157876
14 -9796882955822994 9896362335167172
207 -9878337909089139 9843238657802540
80 -9861260760145222 9755040791078216
364 -9795141890490111 9827031900251108
22 -9886952300095522 9775832549111642
565 -9652625254660032 9645732408181782
101 -9877837341027643 9803953546033465
661 -9918153049125369 9848561846681359
497 -9648238127669286 9500048725863231
686 -9863521151395000 9752780399828497
407 -9569177672479481 9498172936464061
295 -9633885752085063 9648029375462876
183 -9792651996506259 9804182335029166
509 -9654828724837357 9827860684144286
333 -9651173444883180 9724364722916674
721 -9791571810549817 9719940409251413
2 -9918214776821235 9949569096062441
253 -9613577113248761 9806686191870460
39 -9982624514128451 9843085068356168
444 -9632250421027038 9584608894733866
545 -9915589574160551 9776727998814222
526 -9863694099143349 9847278475159180
671 -9569155909929229 9725446013280760
719 -9792799945788618 9895974267339684
496 -9796661845512595 9851391606594955
660 -9893946562782160 9752972164088801
195 -9796080095084841 9725526826613633
530 -9617108722266363 9726839190077275
424 -9866985607336772 9825279589781545
156 -9658784969206012 9894975940023969
62 -9876571444903095 9845005121987611
284 -9861036362035018 9755265189188610
182 -9631967616288913 9727128016217290
668 -9618435128943480 9558068558767356
119 -9941360450674087 9944599632092010
11 -9940776803845623 9916670387585941
528 -9655011541439972 9676929023830790
343 -9866421526613314 9825843670504462
696 -9793802017932461 9812792975076292
170 -9877915739460366 9895815029194084
388 -9652021732067577 9803214923430315
629 -9527986687644173 9558321668470476
543 -9598644250458402 9583781682142912
649 -9651657077161911 9787976074103094
173 -9867704928672820 9723993399402682
179 -9915866222654694 9916847897662930
572 -9650056592632972 9648301070208850
177 -9866650295303755 9789143016237045
678 -9616496242221169 9813527724370483
221 -9617262541896891 9790780353911579
651 -9892867861129152 9932191259556089
468 -9658223948196926 9775916846369716
671 -9569155909929278 9725446013281154
27 -9941015943021084 9949184012485523
520 -9567249015097928 9677170933444750
172 -9633610630852482 9805183489351606
79 -9877555399154523 9813996149380738
249 -9795160053973759 9720823243688854
331 -9652363929963748 9915589039805935
520 -9616595004230963 9721729284076150
583 -9877415310177465 9677351788975021
418 -9599365190888282 9583060741713379
660 -9887221996379622 9752972164088373
502 -9570797802134500 9581567804330307
91 -9886732900288416 9850480224699870
485 -9650030383637413 9805206271860015
68 -9635073649610274 9813481132067514
532 -9614125012904374 9726439804516225
351 -9864011593880196 9722862391454632
719 -9651202269750840 9895974267339327
618 -9568886137770548 9789810768905296
515 -9886272305716620 9932062248566803
104 -9796803231472486 9647623185268475
775 -9878218462722838 9813333085813063
568 -9917945192485693 9846452714830613
524 -9616017051829304 9647367260634392
204 -9795404836557482 9815661234312859
367 -9599021542598824 9826207575788721
704 -9892778862978175 9788807281469670
307 -9916488070483976 9944738941167802
635 -9865752680844075 9815404796403159
723 -9878799621502138 9723292777861206
202 -9793843937293018 9723291906544932
84 -9887061671109550 9824271792512122
356 -9481740473674650 9777027016616442
749 -9860677989494013 9805894483538758
684 -9743115895151056 9850709048092561
103 -9798474046301160 9723132875398104
765 -9600048325756144 9557713334021809
741 -9559076168718790 9674886802507782
619 -9568550236077938 9850150276101062
52 -9655382267455557 9790835255948894
59 -9972394908003233 9931940440864941
146 -9875711279245087 9806079607816477
723 -9878799621501986 9775311032488828
423 -9649115582995039 9806121072502836
57 -9914913906411335 9849484000904021
258 -9867269056580794 9718805647458487
201 -9566946099077990 9791750807598052
426 -9874974032746942 9806816854314061
315 -9867578671380188 9753547222582973
556 -9742141097609507 9779603511293959
321 -9613032263217783 9779550808830312
140 -9969658698915410 9842112764660822
623 -9796500022227334 9851553429879808
647 -9615638601080205 9677600916129077
339 -9634549536578967 9718922471890526
742 -9634720193418818 9850821969495514
450 -9867223856997404 9848573060045727
116 -9877135948995795 9719332826330696
155 -9916508538389927 9843274947485823
440 -9619906426835128 9673859510839640
247 -9597747851890638 9756341963343210
809 -9480902902728802 9805544820632821
283 -9886114319027342 9719028651517115
445 -9866387543957276 9805009271816914
583 -9862196896148872 9719053465150240
806 -9799040486366078 9645385930375439
141 -9887544461331848 9915636935218142
59 -9967914814887014 9850819011569912
678 -9635027057307028 9813527724371050
149 -9790947440183936 9826755272695625
518 -9796065176207994 9845025913019130
131 -9657418550933526 9825270858048562
96 -9796806503302599 9848899007365414
686 -9868345494135204 9775371088567486
470 -9940493652082648 9848637326347166
361 -9656284788070984 9805536239566224
817 -9556330202938617 9727814742955627
284 -9795769298398634 9777855877928413
331 -9617390579584848 9894812607126757
454 -9890969564596021 9790616579852592
698 -9878197313852944 9824461954553450
510 -9862038097719791 9814295036787009
365 -9632068373690930 9727027258815212
9 -9867045144423963 9825220052694662
273 -9632205647796845 9778908239336549
272 -9797031026072162 9724575895626543
791 -9791757782683785 9648197556195963
323 -9887542670987231 9775242178220901
211 -9792190671284007 9825512041596172
557 -9633882515281630 9789308100689757
270 -9743118408935897 9816067094511191
334 -9599835915084880 9825393203303330
424 -9892778440243810 9851159251147297
248 -9616587470841230 9843461514106729
90 -9657875214915976 9776265579650383
103 -9658989664540862 9717509251362256
405 -9556491569849654 9807351863743243
749 -9790939847996511 9805894483539030
466 -9878070470898881 9724021928465328
567 -9619026458677906 9776939708292243
853 -9631341044107621 9677572613729386
754 -9893984324496710 9842991004014038
716 -9658067224229525 9673873341041402
720 -9794311630298395 9842308381065724
680 -9877648846240223 9788538536588518
344 -9861302800858456 9754998750365133
20 -9791741920046612 9849492512758418
659 -9886448981541683 9843801780565384
406 -9650709867866521 9582591983187566
202 -9863582078790263 9717668282509095
612 -9635807523362901 9842772276669619
413 -9861321356785968 9719929004513533
127 -9861339594922207 9897172759704749
258 -9792706572342061 9677103971283935
661 -9893027903270176 9825030126755702
811 -9967848898696820 9896076766642413
600 -9796955102550681 9776670073775541
439 -9569658526792833 9488947680640825
637 -9635248468507790 9850293694406105
379 -9746333133530451 9752820786632843
370 -9860456461505738 9850516112797533
339 -9619401816416269 9776564350554867
871 -9631163622114888 9560487785759216
440 -9616523331912886 9724041485507286
27 -9984087593033040 9963313454980804
213 -9868359548250413 9915753581795070
655 -9634387420828873 9497456897410253
635 -9743780707044621 9790040630697097
575 -9634000117389721 9777113769743957
208 -9797470867755210 9813595203115938
124 -9885279833045857 9897125130824795
74 -9876348985504232 9852189944267948
628 -9745529335074165 9753624585090046
36 -9650858701765289 9804377953732623
472 -9649487800609687 9826617236232340
816 -9792668131221727 9582231395870607
20 -9744332430485457 9917808725760757
631 -9744912961783035 9851259922901167
720 -9864049771796756 9786919197004403
359 -9617012064419012 9556108528369073
743 -9796389047867019 9825784742874541
20 -9656728616148298 9897032293081584
543 -9614546818533195 9583781682143115
368 -9863906532582474 9894605822044438
274 -9601149990470399 9842996426402940
657 -9600452647121296 9813668751396238
596 -9746834474878676 9802590367094543
364 -9655657508729930 9790560014674398
789 -9569496159097360 9725105764113036
115 -9796577003820731 9825596786921329
825 -9615137364433277 9719803828951526
220 -9885158410479743 9826175053142977
643 -9619097625345813 9754277852885875
724 -9617349604925467 9555770987862381
785 -9634567238023027 9753955960370666
109 -9649791199237873 9675564993894209
491 -9875714124884008 9852824804887973
318 -9451228013346698 9804485865009195
652 -9797049522580937 9804255886816243
303 -9632111449455335 9679658882839401
551 -9635212378000401 9723883254505925
465 -9632868599441367 9778245287691545
769 -9867870903147870 9847926013895419
279 -9567112155467846 9756917333629853
209 -9618314491216261 9498382106859984
512 -9893977875552632 9752940851318203
103 -9798474046300620 9723132875397931
281 -9886949566030195 9824383897591675
371 -9916990869251118 9842792616623376
321 -9616415358139619 9756960120091166
591 -9618594431410427 9814812630104175
940 -9566841569853663 9677578378688715
851 -9878410122812895 9775700531178783
351 -9794273452382954 9752289957342883
477 -9745288701829995 9647257147487377
566 -9865158748565868 9726539579509147
886 -9941152024463014 9850326895407268
647 -9650611951458738 9776944470968258
678 -9619879337144119 9848167164167544
217 -9867820025468909 9916293104577810
344 -9791564659360873 9777589439104217
807 -9481772099711736 9497725821684972
701 -9633764994122970 9777348893011266
209 -9614931396294011 9489637705350392
794 -9569175951333046 9557981747245139
696 -9863540159430598 9803032313603028
782 -9570883544952743 9556817788689094
386 -9797551221339614 9753483266248107
443 -9656370395605704 9725752144332687
742 -9745350915188410 9848474028055419
674 -9887619461304746 9944074826579421
923 -9615947344703091 9724617472717146
589 -9482201924997785 9724547310666065
742 -9634720193418412 9896013808378727
283 -9862221709782010 9719028651517079
578 -9661030716143158 9643911318837514
946 -9795212818781165 9720770478881397
934 -9556381748454311 9727763197440141
396 -9969538624073560 9849195202383495
405 -9597008873300730 9779671630672857
68 -9651516184903767 9850468513303682
154 -9651444029373831 9824661007468058
245 -9915215859015219 9844567626860568
348 -9792473942024727 9776680156440413
65 -9651349431646344 9850635266560912
505 -9479268684691831 9559566288686355
350 -9796935982650325 9851117469456443
935 -9600023060554293 9464232074424265
713 -9618330941255344 9777635225716012
51 -9795818626794544 9755215860792899
571 -9477604925800457 9680805336935159
408 -9650280880845459 9777275541581545
468 -9745827762533848 9803597079440836
177 -9885718561807955 9844532200299075
136 -9795742566906526 9849962943760144
461 -9865878608419863 9852266250063293
552 -9745608712598188 9931685601379484
904 -9616494131457304 9788165669428868
680 -9877648846240401 9804142040821862
983 -9658745765195864 9787471758208885
288 -9650046937448633 9648310725392930
794 -9569175951333201 9648245466919425
812 -9795726545069298 9755307942518392
487 -9743335703627778 9726390650647599
77 -9866822044835306 9844360450767060
3 -9916557524618628 9916156595700148
319 -9657841960544233 9647100074436565
764 -9892910609583580 9896218920690614
521 -9968725700434874 9962858604154563
713 -9618330941254662 9725616971087495
- 195879033600
+ 469633464187
- 659736287878
+ 97009227410
+ 981538503220
+ 151724920832
+ 879435496464
- 28837171109
- 167157808380
+ 741524415960
+ 323689062118
- 702310169638
- 723508839136
+ 982172146328
+ 70748412336
+ 402049539338
- 402908728096
+ 988461493860
+ 761344118032
+ 669957914517
- 792124395047
- 782376436928
+ 970436370783
- 286571964315
+ 536842173504
+ 669892027492
+ 84549887404
- 411418805980
- 101497105830
- 403596110682
+ 415513055976
+ 759397446666
- 11016961440
+ 681551301440
+ 799519684608
- 211623838423
+ 732356388982
- 501084756720
- 302158553166
- 576221468205
- 233103731247
+ 994976777760
- 678632570300
+ 431014259142
- 898424725198
- 173408813442
- 573756173883
- 675331313558
- 114488124078
+ 287639769267
+ 43754538189
+ 995732117590
- 67110051819
- 791924641376
- 722871431095
+ 658540332624
+ 141364826912
- 987319897920
+ 844180719551
- 271829725169
+ 573115364772
+ 508770483372
- 890731345544
- 487611007775
- 535229723050
- 323243464118
+ 133084061399
- 649069463508
+ 447668461445
+ 998200885008
- 370916706182
+ 649947975152
- 971731915608
- 279076070660
+ 613457220696
- 682404505382
+ 55941779456
+ 122173687848
- 59670711760
+ 722135317773
- 133007198600
- 84791009565
+ 685097303223
+ 378181629425
- 980467747462
+ 477720221237
+ 460316507200
+ 885618373504
+ 331980446000
- 432141011575
+ 84357902835
- 365986701420
+ 205170004030
- 292476261960
+ 54986615368
- 443628712396
+ 292804321368
- 475099126403
+ 208021476715
+ 270946189852
- 333098349740
+ 708143521848
- 681419085934
- 809534963627
- 399303348896
- 20031898329
- 993816916776
- 205160944332
- 71426632356
- 665144995892
- 880417827788
+ 25703417920
+ 825444166951
- 668480273936
+ 721176309993
- 551135256645
+ 145717787572
+ 818135482078
- 259957766260
- 638330787552
+ 473202060660
- 531310486956
- 835770063026
+ 762795658161
- 990957835406
- 102062158000
+ 836392671256
+ 263936110585
- 213156932960
+ 565773083490
+ 515252852920
+ 850726835664
+ 352062408365
+ 948459772097
- 59904209496
+ 157952677099
- 665518663543
+ 880953274189
- 694845920180
- 972303695680
- 278017406128
- 178883803040
+ 459921326090
- 181033758705
+ 20873272366
+ 500606158303
- 781992470784
- 494476041739
+ 794479862688
- 171274191573
- 35274264964
- 605840468220
- 314828754728
- 94597727256
- 509252953322
- 851165420085
+ 491563885450
- 308520550792
+ 98084158961
+ 796218095992
+ 631211375858
+ 780508138579
- 855674639264
+ 955983514100
- 852286564824
+ 326929720957
+ 900948110352
+ 189476676262
+ 224581206410
- 114683128900
+ 650774256617
+ 382304682348
- 261658932804
- 590908611808
+ 314935296200
+ 324803567871
+ 792974436201
- 360952479505
+ 621810196300
- 530911424684
- 442639680512
+ 254659671938
+ 825125044380
- 5317231373
- 296456144244
- 350682152515
- 201342485978
+ 492604772488
- 412592559708
- 484147299025
- 384278648932
+ 550116005576
+ 64498227500
+ 27415066900
+ 605352125166
+ 835664387256
- 241981499130
+ 641075841200
- 151973402504
+ 322240502160
+ 916306988896
- 258853177456
+ 520620566391
- 179034976900
+ 257738188130
- 957495160480
- 898693376976
- 740229295271
- 113547435300
+ 268252113289
- 245429961221
- 767384437734
- 837880078597
- 981632152500
+ 209469753979
+ 483434870538
- 954542056880
- 375837184249
+ 817659189270
- 43200436205
- 22679393376
+ 767013600571
+ 27437825047
- 521649602850
+ 766177663266
- 832704666586
- 578516515660
+ 64048285950
- 148951686400
+ 794407162693
- 69189684720
- 65733169372
+ 66443092370
+ 402902602987
+ 808776875406
+ 843681703664
+ 532980300784
+ 562902853498
+ 907153852192
- 905972676147
+ 884345149909
- 374838733388
+ 479103898266
+ 440926362404
+ 802800540262
- 789048304165
- 94803353640
+ 471014932108
+ 217769743065
+ 398238615776
+ 920969138612
+ 356082108812
+ 513649153625
- 272034388660
+ 784931052060
+ 155623545143
- 284285717777
+ 258257987175
+ 415136480155
+ 762512546875
- 413652928429
- 155866701838
+ 248713637184
+ 29060143316
+ 809038375116
+ 682672459464
+ 454907605908
+ 652795443569
+ 859955639525
+ 419541686576
- 138889038693
- 88579131620
+ 282039369140
- 581879550000
- 342818828704
+ 968782453176
+ 681621230048
- 270824600837
- 166056390684
+ 795473385183
- 366830355228
- 114071736556
- 269198935950
+ 916148811616
- 475432021190
+ 49132279354
- 969533918236
+ 21058879159
+ 167119395948
+ 969408435796
+ 55254675906
+ 18929123304
+ 652771926064
+ 83126291860
- 260291050950
+ 168786392285
- 772266963450
- 324767611490
+ 635299913088
- 762364742252
- 171111034492
+ 135220605005
- 313407806854
- 218795582883
- 639918695936
- 268117998484
- 120648689975
- 474406603338
- 750712622506
+ 612808576344
- 893349394384
- 741280425082
- 713703612659
- 702172602066
- 836793672500
- 175193284608
- 301205003648
- 52563776336
+ 499538085790
- 269114743344
+ 793037059317
+ 211757415190
+ 770020958545
+ 13034200646
+ 753368318620
+ 135410132824
- 565515468606
- 8632465439
+ 756743119044
+ 698720636390
+ 4561343270
- 308279109436
+ 238604212142
+ 305064815299
- 840043346688
- 602060354096
+ 606905949202
+ 521617713045
- 484740826465
- 291902021410
- 702626190649
- 631197079375
+ 264617484936
- 164733488872
+ 300472010538
- 67584184156
+ 454019606325
- 614899649469
+ 969110002701
+ 989049528250
+ 999397431968
- 293450222790
- 162964458474
+ 173764100616
- 789693312339
+ 168820901732
+ 444423835678
- 999488454444
- 928428495322
+ 723037912620
- 26602924600
+ 890496252007
- 556495450464
- 98888860320
+ 112861359616
- 18015392720
+ 936717740872
- 871350203951
- 427754819640
+ 809339728870
+ 256970370860
- 216632160540
- 946695852639
- 203463200109
- 613223842101
+ 405480348605
+ 853923161055
- 449381630022
- 668347443225
+ 256629192146
+ 441360431440
- 80649205496
+ 127605469069
+ 92958426688
+ 543081069660
- 992332411895
+ 722595102272
- 765406434178
+ 122918833380
- 126321681874
- 748450330480
- 297643046172
- 184489781340
+ 391661461285
- 919476922220
- 779628467147
+ 40760714916
+ 83082672896
+ 424953426302
- 64357959004
- 948801917624
+ 91092439851
+ 995180448788
- 582603203900
- 2448087216
- 154703234259
+ 912989597512
- 902214051481
+ 319601549192
- 281019410880
- 948855171482
+ 404746743350
- 29799310393
- 361234544636
- 757624345184
- 636016898418
+ 348695403600
+ 359867286606
+ 63398434340
- 16450756180
+ 777602968406
- 462203120888
+ 151554494612
+ 763384350266
+ 768415637315
+ 750241648345
+ 634970925518
- 504100890815
+ 706038025936
+ 233414492520
+ 799398236846
+ 643603225108
- 366965894716
+ 370044374315
- 406854986920
- 430840885010
+ 649439246288
+ 964763971217
- 619082363200
- 714329791305
- 213291142382
- 259789765700
+ 509894800480
- 182047336366
- 594243764532
+ 956196406990
- 262225998685
+ 645531191178
+ 347339788048
- 621779929740
- 487618411509
+ 119854724400
- 593875620717
+ 229030599207
+ 85007465280
+ 610029725156
- 710475377972
+ 827186149509
+ 981981135062
+ 471249281251
- 74054434871
+ 10786258916
+ 283809362624
+ 305671813052
- 646323480787
- 159508854357
- 326624199120
- 279196373428
+ 758152926521
- 622190085200
+ 430181994600
- 67605720288
+ 454982487715
+ 33500583501
+ 348072391336
+ 461523999840
+ 368701095262
- 775747248445
- 307899206376
- 212652131000
- 905701823408
+ 30277441048
- 451017809576
+ 868880054791
- 329967705640
- 531259332380
- 56217077230
+ 151516527660
+ 459908728696
+ 404709989098
+ 473246596754
+ 172527003784
- 168164368426
- 640221609314
+ 13331169920
+ 332972478200
+ 147974923585
+ 373398537304
- 226244352715
- 313034028809
- 476261624429
- 608875394842
+ 633041121580
+ 442103139694
- 494813380656
+ 384225062102
- 290747264735
- 278296833364
+ 838271114032
+ 408419837488
+ 941210698114
+ 479461029134
- 29860444624
- 506124639286
+ 544952474876
+ 530832330818
+ 121571800608
+ 854411229986
+ 170242220280
+ 939923252966
- 370300938976
+ 315474402972
- 699827516449
+ 995012590458
- 934080486486
- 42247056623
+ 183673769571
+ 629774030440
+ 950572642880
+ 737454080851
+ 314635657954
- 474592938800
+ 958950141920
+ 507820763680
- 725355941208
- 266943578921
- 674583297908
+ 625365575260
+ 95866200336
+ 978309672924
- 210515748700
- 146398299785
+ 136521583940
+ 58099512300
+ 260476540161
+ 621656170500
- 277645146974
+ 670356461356
- 441965308320
- 706087650840
- 15337236332
- 151275108280
+ 948123176313
- 286114521580
- 696361424963
+ 901251078192
+ 674421696251
- 925689019484
- 181770866020
+ 640635881368
+ 665335331600
- 337299739010
- 873044667860
- 765205101308
- 480307605100
+ 111603588175
- 989440507096
- 993045313507
+ 244307728639
+ 189931060360
+ 640869404790
- 965292559116
+ 312785846883
+ 485710954057
- 102316755960
- 623115329290
- 679309687800
+ 424656819291
- 527486141578
- 27457403471
- 753281939740
+ 385946148056
- 927987859920
- 309216493320
+ 322087041098
+ 848396089050
- 979557572232
- 4607974090
+ 722286983612
+ 182560046635
- 593657960176
- 895040780475
- 399996346840
+ 148730011273
+ 767787338382
+ 137717786222
- 131293389911
+ 571990346412
+ 337909361385
- 396213623531
+ 866686829072
- 221507755737
+ 405929582328
- 645180727668
- 403800338260
+ 914655998661
- 984853567860
- 32833586500
+ 325561663579
+ 327297825916
- 468289746612
- 900627010220
+ 314367403064
- 902438593938
- 610610913200
+ 859510993750
+ 265912223218
+ 362304507630
+ 576695504755
+ 470218445100
- 96818141530
- 31039769281
- 76777421356
- 140996912000
+ 968298463406
+ 947713047860
+ 510959153504
+ 650976827896
- 795740848216
- 173792016046
- 6775123477
+ 610802782129
+ 197606197434
+ 303625654800
+ 507182790329
+ 606679487706
- 333590873380
+ 525731083894
+ 116951089104
+ 629078400680
+ 492605622739
+ 953571654120
- 179630881440
+ 326081214074
- 812274141568
- 240889353255
+ 760949969815
- 967930738128
+ 164763940000
- 21358505555
- 74697888384
- 626277775423
+ 344345407030
- 175090508356
- 783018674240
+ 338824305224
+ 115463798900
- 468582782154
+ 283918746344
+ 50736964010
- 611713864397
+ 47897506896
+ 832617533620
+ 701890900898
+ 938974606380
- 98096245602
+ 647665444995
+ 684483466748
- 201912654760
- 737925805704
+ 612569022692
+ 663043493074
+ 334468003628
- 664114588263
- 77647801525
+ 688244088150
- 215664417417
+ 991562926643
+ 435533791398
+ 7074742332
- 170983600424
- 291985445568
+ 62383510672
+ 229339006454
+ 265505103080
- 352089530300
+ 434429844696
+ 984197104532
+ 215045907760
+ 269733888535
+ 244229300224
+ 426233753154
- 605304764922
+ 678115550126
- 73368208012
- 433438065538
+ 30728508378
- 817635228204
+ 149382837699
+ 319180011740
- 688001543080
- 585245171856
- 505170210092
- 478304510012
- 665669262366
- 804212756802
+ 391936914362
+ 577965129060
+ 43306147490
- 258862473090
+ 107627305650
+ 737100780828
- 89431027200
- 897707645634
+ 798551401980
- 621773476844
+ 241392638266
+ 451514105800
- 388067827388
- 930276736128
- 49191902320
- 812460701160
- 521516622714
+ 302299355020
+ 223174533888
+ 732922852922
- 871651653464
+ 293720739820
- 212569381370
+ 399937647228
- 835135995980
- 616884220846
- 491977180168
+ 610618204450
- 576025146480
+ 30539808074
+ 348106357118
- 802168370955
- 821424101719
- 745028931796
- 377236105578
+ 39541038896
+ 272797645280
+ 101893173770
- 61406945230
- 676119722128
+ 940043457403
+ 745083236413
+ 675041380400
+ 980241858046
- 680079442177
+ 363553275556
- 101879654930
- 748749128660
+ 526322753312
- 420442766506
- 362342243095
+ 427649798707
+ 64858672960
- 54967482866
+ 97391818520
- 208131463266
+ 563714584125
+ 147455706940
- 867651575956
+ 281111394875
- 570778931100
- 590973356330
- 795874926472
+ 27682472393
+ 355919818304
+ 659384318496
- 527768794990
+ 840580120630
- 663063568420
- 285644090088
+ 686207790359
- 486268864061
+ 623312000405
- 654147047900
- 470762337708
- 85742817634
+ 224879544702
+ 383209423252
+ 506411586944
+ 476637252418
+ 691368717570
+ 111480300600
- 610021326804
- 235516076720
+ 574370927092
+ 238904180371
- 537616190976
+ 878206285108
- 609552144340
- 370809544256
- 556175936616
- 642696728200
- 742531650040
+ 660961667027
+ 408585385490
+ 412563826636
- 368471912918
- 196271143136
+ 273230108950
- 566440064720
+ 363212361965
+ 99423545134
- 205354198180
+ 497112234858
+ 65916189870
- 500743488700
- 423581625488
+ 191622048836
- 36075847877
+ 38441120856
+ 158918823497
- 180931347656
+ 79380867169
- 854411075044
+ 952772893568
+ 295935186104
+ 301962739282
+ 370642978737
+ 881357060512
+ 585531187990
+ 771750641850
+ 699704830816
- 407751958176
+ 296195513142
+ 618637684638
+ 874150026882
- 56506179494
- 556581953231
- 166062116666
- 916344500616
+ 793930674235
- 259366291592
+ 137988045230
+ 794332371328
+ 665390445926
+ 138008323170
+ 115071591805
- 425907181209
+ 764315265714
- 450718612095
- 103774662160
- 288747836610
+ 292184577277
+ 958705333152
- 212808960137
+ 324517454725
+ 727329582792
- 807152444512
+ 833927774735
+ 240623405000
- 449516123616
- 409089729488
- 760637176380
+ 345542777284
- 500489589059
- 982142798568
+ 451337870544
+ 945366383024
+ 827647169938
+ 949365537068
- 491946853459
- 587594111748
- 381827252320
+ 477881803010
+ 177421993600
+ 663771341538
- 368925904391
+ 548954713223
+ 499407232790
+ 269493261742
- 585902026478
- 944109437305
+ 472833992558
+ 731129432326
+ 610938980264
+ 791585042797
+ 176081499854
+ 428487970404
+ 443674495180
- 558032353227
+ 345208307598
+ 44370621762
- 278060676634
+ 2107465615
- 10580886926
+ 24879356263
- 693765595925
+ 197382207363
+ 600668991378
- 692930541304
- 261685431038
+ 148519690362
+ 481376782865
+ 358271379650
+ 842455725404
+ 416653141455
+ 542405109186
- 608780070337
+ 97763589368
- 41085579158
+ 904817155615
- 607010289236
- 388880557162
- 806584522760
- 604858382920
- 459601832262
- 514898110504
- 447509347095
+ 105863544096
- 186445057268
+ 857583301143
+ 5034866
- 212235300344
+ 42262530546
+ 30245685584
- 831908058444
- 232814279668
+ 904695264250
- 265354814200
+ 195631002400
- 67587998558
- 252699568347
+ 100819880000
+ 299990410980
+ 791297953786
+ 768384358113
+ 378442867032
+ 273429698200
- 994232334559
- 762050669185
+ 874838048626
- 789471960406
+ 158471934045
+ 227799153744
- 584996275016
- 571561322616
+ 770956926183
- 328345275416
- 317065103621
- 145476591510
+ 519076749147
- 942035183412
+ 797935645915
+ 658245918055
+ 107055694828
+ 957162118419
- 347390335930
+ 704843314568
+ 523462720012
- 713666919690
+ 63787801837
+ 436616542954
- 276863643048
- 329298472460
+ 633819109288
- 179018881966
- 305229023468
- 817485245973
+ 280627749390
+ 267905935509
- 294555625270
+ 653085183271
- 398953289890
+ 456883927063
- 702524304446
+ 247037600722
+ 411279546874
+ 436750443924
- 433954241467
+ 531199951716
+ 439588066696
+ 757339093905
- 116999191341
+ 723532255370
- 550843233842
+ 513793704476
- 521816998784
+ 706039384350
+ 213868983540
- 278724386554
+ 549660682172
+ 331161364340
- 204155554087
+ 66713600139
+ 93356063480
- 687837724844
+ 76440317027
+ 321564145980
+ 532097278397
- 166838840904
- 760021079957
+ 222310346834
- 980047356192
- 762124435248
1899827361619539
3499258364521206
8205734692392424
-7199142045223184
-6962000948524176
2908415468362372
2194737149223034
-2576429515073798
-2915701683996103
-8937538262280688
-7243101098194046
-1702508139237350
-4480107700852332
-3475516728798660
8497718571066036
3986426745948640
-42851675283072
9843611943114830
-5693264465959056
-9348674857315865
-7195191875259968
403088574991292
7482697181212265
-768885983279819
-7761009843214522
-3261262595043560
6824518140132408
694262767320896
335170340449294
-2939446983892568
-2992452436317531
-7985899361287684
8174009163536620
-9867570552488048
-9371693641384745
4277202577333458
-5764722574473109
-3039858125620752
-4493808963334864
4556172431762878
-5384169758295280
-2651091298185284
-7071117772681221
9488132059810680
5279037030670800
-3028475284685232
3226876228941376
-3115684239979135
367795681174479
-9108312772801252
9092096896442206
-1440125189881400
-7333190222624688
522507293012397
2454940467338830
-7317672318542772
8172821588909348
7509011244174988
-3835805869852356
6316257500704200
4748898858129472
-8250947255392080
105665150899696
6456836804492736
-517521156648580
7596555053834753
-8398326007621885
7327872829447231
-3680658288583818
9646947270629567
-8986723773504928
7720940418204563
-8841916402423100
6874261502091141
8964644207970684
-1891403038539715
4634374445922496
6367763662581896
-5927766827591416
-3952185358426288
7765759061614711
-6937013597995674
-6561924194449860
7641068694921260
6801417493941184
-4756701206527516
6447143089225395
-9102469753877660
-9862746209747754
6725613973685142
-4783469301389304
-2491808397580808
-1981963775067520
6257855745828480
6305978682520460
966135911876312
2463806013378844
4030089079901352
-9077990552665380
-7938294300432840
8742508297182700
-447620195544384
5079561360302066
5838030532381491
353168664529200
5360541879199456
-1665064559776876
-5836354369413900
8004516463103316
8779513140921211
1430478377298032
-4286757584575322
-3704170476671356
6031040562654118
5240374844912791
-3815102307638836
-9481607787359905
-6800529341252890
-1410507876329486
-5961781749383680
7731476114972980
301393805647910
-7711927474476180
-4444447521771850
4909919072250837
-2965307505326594
4729146831760316
3207018401211089
-5619122812361225
-5711505450880910
6094790642821524
-4385084495406892
-2723880602874666
8297738172901980
4896056283073140
-207883359760268
3698563875864452
3684309512046489
1974261336900288
6502837391076835
2917949313351816
-3350374331180320
9520697235347088
-1492872811457162
7907704797175191
4275023788406838
-474900155269554
7523104296372556
-2567706391083836
1352003939633729
4965860514446472
9307879150742785
-9081863873421569
-5901678408216269
-4169565139429238
6637040266890240
-7936335754289212
-2105662642129272
9963424784127232
9557227186018604
-1275197073843915
3106497226826754
7762652320315376
8107639015657637
-6000066749253850
-269154861263566
-9560017170307400
6900955993266117
-170447590308856
-58007932732202
-6841273593043156
-8838037077952576
-8890701318605625
4730138006755142
-8959660786845368
-3974853025664154
-391790197320750
-9745598578688309
-6984396626934396
8506636078521481
-5256182991194868
-9076924964705000
9263216372335819
-7808922582497468
-5986709633370166
-8269185577780242
9895766144878272
9157504370161790
5598584600348784
-936445399997536
-8094192388785021
2219843756781060
5835838164952331
3801745751740200
-6066478484507792
383750500603964
-3170279539275168
-5940454965443928
-4471185458175980
-5801080692346730
4306756289479280
-950418556496928
-9619820136755876
7212179551900766
-3098170228735439
-9982097639369720
5784148231364630
1934062503429300
-899663503170484
8578591207933932
-8394336535427430
-566621062543702
4976855572828228
-9651410392212282
3027101511146849
6668781227954749
-159729760788824
8590300477085550
1963638269506176
1466321793398024
-8716834169802452
-5537507790088389
5704730815748705
-402652362850848
-7612060147661860
5518335851731408
-5839435156093553
3743584704121986
-4127466622494976
6307986217347150
-5683728276470950
-8251037669429412
2306336036080088
1512807393743067
2963953397825459
-4205221250795186
5232120270726928
6859381846454509
5326929439194773
9945055468892146
2806301648172616
1629447178582624
8959402680753279
1389437232271438
-8696097335308316
9442833532066184
4375349277538848
-2647315469547900
-3664535120218320
-4617839850007496
-444309534549048
-6454834476227988
-592138646534524
-9793008068250056
-1894798017900208
8292188885672720
-1637211742306797
6790889373139807
-2125074937395890
-4629175085111582
-5261651652585329
6042217988955750
-3777664893769702
1652031795255992
-1317793775901861
-527008212269538
5956515750287305
-2959531451749016
6449426081549964
3500869889393044
-9110064948170420
485996099753182
3772430377798225
9803826263285532
-7032339654775552
-5839162968942680
8478038456564023
4453833729330954
-407298531207255
5564161340096280
4989206473452277
-5416336651232219
-3142841540275107
-699044371211214
7446074335685547
6120864537253095
-6087571849421000
-5948049560760258
2041271298067776
9718504151551196
7790775929349650
-9390726544867508
-8680720522764108
-9797479146111788
-3582659563691200
-5340952619408239
5763297958028950
4367196712937988
7368665567246144
811472268233320
-199314558104870
4360417879823936
-787799501766900
-8982807987892828
4073983803076195
257073468678766
-2023140308700975
4467126712319024
1381787567165112
-9886638818992670
-6522218613081344
7917657942333560
-6253329026661082
6620419109017120
1837350814114504
2819974043875200
-4409884248483234
-5286403924514588
4574785442901460
-309330510099596
806342354271494
-1015861853497911
6362563649678645
6608813651105784
2727419220925216
3090223814878496
-8171852622597650
2547483968792869
6386000754704620
9444676093054392
2152450909871500
-7237324212794342
-6261472387093930
1047848724318078
7017801126617880
5873781937296752
3597940718093384
-8596960569102487
-4430404192926118
-9316964551606475
6416196576448215
-9396632324190155
-5833227216913680
-6956052337899859
-5258047957119907
9340416220587340
-3255052860613080
-1062002089560006
4921673355029011
-3997098012873035
-2549710498444752
2029570931540303
1409825350299262
-735636447679724
-6875711147521890
8819395577126384
-4233720395613125
6485579477233370
-5208098034292225
-4378852979364780
9916542577557946
345006588193393
2915226318298790
-2821252702237252
-2140296110057688
-2374279434868580
534750675950182
-3444957560973536
5713540687249086
8473824594655680
1027342265516451
-3919097549612019
-7702543549990568
2583005658021904
1217456800454561
4538647899445435
-5680112776478720
7978101381604038
-3669945142975858
8627921070789696
3308681358192331
-41892644133944
6340118010980496
-1033661140224928
-716274004549768
6202311533540940
6249726786284949
-4801254618367410
-4935118425963326
-5172221729559860
-7024311469000364
1505141042869934
-8705220564578560
9362993033532535
9371099561308700
5200071970642160
8227911000845186
-5144524301285268
1815591600000364
677029165568274
2387826374831027
1713212014400989
9581891458842450
-2295592828684410
-4336061841492160
5450663793277668
1622591021884955
-2836113187088909
5542229094399128
7656655575158982
1308001240181930
-1736291229744976
-1257517682092052
1259651243174290
-3109599032075200
9813586924759040
-1522191071035805
3275203691269716
9850574305995620
6441830045456594
-8579712093419206
-7711475428018278
8828356205411096
7364335618965536
3984958846050944
1850118035148309
-4752262838876191
7368919825284640
-8954359065941264
1720599441503906
484058078304563
-1973762045269550
4777046090274972
5168164360391605
5150442778991284
-1471599955277344
7842286960729598
-5884971345502230
2964065021469624
6836456944144010
5546965983976385
2959910400629787
1938489685005761
-2584117442935476
-8595227003689188
7557201776543266
2209552575973280
5458131384499740
7349572788389405
-1833192962636800
-4244394434426184
8235691995419870
-2576822686704470
4170701460761806
-2605948933861096
-1190763546730975
1442318439730284
3622183502969000
7110412324296630
8018218294318048
4284224466712006
7750378657174854
2533852545122257
7261398814020165
4352132722848116
218968597575394
7212718198486341
-6670521176042392
-8443197328451302
-3211091583778128
3025873361810270
-3238447706456940
1106207765148512
1666753301526700
-7138735328215491
6868572887738966
-6162271963534671
3579012854689630
3538899832116294
8369848695747650
-8323698138754269
-5934052390181014
7794673526184090
7612332731576375
3519578494233130
5370481645605780
-7596029014879694
7610525764344165
-6710631841267420
-4011402271870860
1852781876048673
6547374252915400
-2981244907528696
8010908804006300
3069449213847173
-4145480226221296
-5464206336080936
-747606185101897
7188266096196520
-5270760933567178
-1260317778604096
9152443475696978
292370846977108
6657403606353201
180809413030963
8544912676412738
4881490623218544
4263700376604025
-7267517936635375
6740353917153820
3173172883087131
6278695671142708
6403135950410327
-523924988230188
5530046270723558
1546244967384386
-3711924564187868
-1412167307661300
-8566029035683644
-3473812155946746
5650040782316866
3404997034062420
-2543538177728776
-5344242761159434
-9570474147623000
-149839294294608
3089433774295560
5546912690207408
3147909616212124
-6195557208349108
-5099054336134144
-5260816318305148
8058823274558120
-880613439217340
6887824944088642
-8640515049970807
-6047327366384160
1055033813957603
-2386147441966040
4630605996856484
461094753294522
-5655855191800490
9949295341632246
-9983976263886555
-17203173899192
2721284702809229
2416880259237536
-4464205742482458
-8284915412976190
-108987705229800
-5767331676978340
-775006574538784
5465716975028520
5015121034334440
5463896474357480
-7500638968023072
9824694644629928
-227134204458609
-5934059363858068
5153086946126730
3047859444750659
4779428787138048
-5801853550625580
-2472082538924492
4670121877231480
-2853674882748218
6566512383108874
-6163165175995400
-8315074328449650
-7223207385752030
1828140285602864
-5305459544410359
8739530972823910
-2059618898041438
8120447951127584
1574373014848765
-9940904613873956
5940873414065302
194964114836576
-3293657204379472
-417856952710461
6897673399324184
9788222759052840
-7848954233688064
-2580929460518434
-6529386969486872
60457919918226
-155367061228558
9996176574384842
5943178156580928
354105002539634
-7499061295444600
169801245385935
-8197849160051616
-945678559612868
-9657994764351438
-3869189862379975
1320242762221430
9676802475375918
-1605312533792013
-2117894708857547
-9893363385395713
-3995946902406576
-4029526059740544
9753555341475654
-729275788221882
1714811911801854
-8856886438077680
-961699410575492
139418838845107
4469181710230686
-6336589628982828
-3060078473138200
5587619606781607
-5463294912532221
5117705073049124
-3395430131920525
-4398883238123564
2542494339466390
2669399345571306
-3148176022720112
-8986741102081790
-5609085982127596
5650983304974955
5148380364662000
-6640588708053968
-1565141682082354
3608642028635149
-1124991757301260
-4301448826930192
-5239269760887085
5875582189898478
-7629023465206474
-2415129840375817
8845637406816780
-8763810749253845
-6752178544522640
-3537334062082250
1914529589670515
-2480158914380684
-6414037329227536
4967685358853511
-7529940867369685
7305837482549654
3640092831773120
9485542413394814
6066631948589824
5580400785367560
-8746337725681380
9724127775587241
7858572008834944
1966103418865896
194140300313568
4009592515946369
5229249220502216
563049033856304
-7019508873419975
-8495523686281920
-2818618977312860
7925082234568584
7880349282697450
4343075380759880
5052050214434142
-9325225640894149
4986246732111113
-4893873784043201
-7043428790266812
-5237283729446514
8702733588337436
6723922210799496
7300409808893440
-2203507315678200
7084242062755938
1287283602828547
-6565676477821278
1386814807893046
-1377696676912140
-4249140583342645
175081069402402
5787631878049772
9135967825006180
3821842791188851
-6994748788841530
818785891643076
-8812931768664800
-730903787207877
-4580669421967400
-2396495285857399
7606546948383108
-149211067471449
-6814630541682092
9315737210325028
-5602727036031037
-9369448830560715
-918984057655939
4160333298129110
-3681726138657256
656072569200620
4103946440280843
5406025437055078
-6349821192810001
7345002771609382
5544276746404512
7993907802526767
-2789444580663235
841005674267376
-9529081170096350
-5935989001221648
4975320129017603
-6555794174048968
-649821678219024
268048848144320
2578902864906434
-2332068401585070
9281414651287806
2774924854973250
2884256210350040
-2044569090385184
-8091831803662000
4045930496776911
-9330117409910392
-6614777178160551
874759323208216
-1275930660465668
5996424986967210
-8157290277488329
-6039822360878600
-5521439938334350
-3658171178058258
-8175380780069333
-1788275333779307
-3234459566016146
-3219127751584925
3125230777585280
-5344006455187418
-1363331382386376
-1301674352658776
-6020522677658144
-1036142992996378
-7988816298761584
-8411657045761462
3654892958949200
-6251560962014512
-4689320554947640
-7791977335697050
3258925342351051
8257217508355989
-4499957344276512
6459552417317984
6967283952708528
2731226997358090
-8194870788187330
-6748399141394079
7927412055568280
3443207989163768
-7257917711784146
9137631974892309
-363877517493376
-8956584092899008
5773039889375821
3988425603026470
513509193889290
965992986943220
9070477264616225
-5149172768735051
3318598368087864
-6580924327621038
-2591492843007553
-5777740246323956
4338003065788891
-5839899419397390
-655042098692660
-5149059261290567
217576309116016
9311415243319793
-7006750280086474
2967647571645464
2906340577432106
-6749095039032208
-9600534473758603
4073766917711341
124680838589467
-5837408093211
5288161232491168
-27725093971962
6527455625405982
1407730152294421
9342869099354952
-2190006234096181
4408940749089059
2949815960469690
-9968159520461649
-4923943335324192
-1478229968674176
-417997674481710
6509901825695375
-7296145456105040
-4528483949543030
8376209988735661
8780795479474976
7987945151378516
-9918488531251620
-3687498558661864
-4355828208317400
3172302091432224
4810033656470932
-7444660913903648
1483259046719508
-556606036265879
2471407242176308
-6891526509409516
1227423520330568
346250436912895
3375122987932120
-3044256216550252
8901360646604883
-2284369582838490
-4470622312047232
9463720661219354
-5391272320104144
-8547715010255000
-8188954182995619
-5990864348944534
-7773296074023557
-3614159316451591
-2591188370832120
-1293663382295560
8999251470881893
6971868613693946
-7951352871745992
5066967489513972
4385544746495579
5179000143140592
6328119399152376
-2612597051135876
991616793131160
-2037584741827284
-2766396621459236
4650454591870441
-5808749234820616
7180493974780394
8442416517340496
-8343898063364470
-523459591184662
-4453316277901624
7582551261465393
-4079997975364809
370624086981366
-4246056717444968
-2132914183441275
-6107292558604013
-5120439657736860
-1684166176344882
1131717000851125
8879165224151341
1200556121012640
-110861017514571
9931695735290002
-4592628517532582
9496876461320568
-1713225585116248
8269983478794028
9183989447862458
-99746754979644
4155923508473888
6099903132526769
-8370169027918972
2382014990574497
-29477237329887
-4296040598948382
-2570686928877440
7193219040063098
-392689765275975
-5560850359843766
-6696661484345474
8790188078829341
8074343759079371
737987132330000
574088401921840
8835027176065594
-2957117195724790
1831101709265432
-9415491511373768
5038744503256287
-5437538578767928
-1316626008251920
51244030073934
-418832801733816
-9004833909199050
7266753351658912
-9079148317896440
4924363579647530
4652415366304256
-1685979359503503
9848226364555615
-3521279136496822
6058356678242232
3319824250693568
8473895124103239
-5859099337894248
-6483461920382280
-8615040949896763
-4384848642760976
7492503567418646
-8117800001458850
9776146030214914
405540699809735
5969497022770348
-2171995979672731
-8466457639314323
-2057021052348558
-149242155036748
5827718406861292
4744471354046578
-7326298015823826
817737296440652
7479669983461180
278318737103798
377921806482864
-6014185433443480
4217241035246672
-3378335303800696
-5275542889775864
-6455922805658628
5786884125494950
1896945156419936
-53839547753712
8072051235843661
-5818153771125966
-1349800446030768
9673945800919344
-5553964864863347
8615474527672535
4131886405489297
8550595253298319
7606223498337921
-9008849077399600
-3673303159726655
933220680425940
-1473545749211250
-9451887615070304
9960252845487599
-9035128491940482
-9634967856918506
-7593765052473064
-9616437041833313
-3708662771498016
2240240425349548
-5556468528369251
-9199778032300760
-9482621460076184
4397121206211033
-4945130488295826
404396514639162
9037907685813480
-5368874752379
-6207322035501672
-328900342897772
4923648661633562
470398895664827
9556683550955200
6360669814353741
-5929462398363952
167238349459100
-4561770592272520
1842777964053521
2543818060005946
4575058666597816
-5891621077283650
1498897707644984
6311302831473726
-1253147280763351
2061622065446129
3954011283182516
-9916171542760400
6129628779849096
-8509703622188776
-2219216409624607
-2030309861378896
-366447653612574
-7071465341641536
-9877964623776144
-8624165786126162
-9972639613578077
-1811437460455056
-8322552638471805
5705675718404467
4313318848709392
-1614142401041016
-6453846977727059
6426885047764451
-1063946337595912
-2294110291310654
-7504749907857387
2482729065290265
4695599771636298
3119251110728324
-5861610688852520
-3951103848999418
-1857438615425328
