1000 1000
1 2 2 1 5 0 2 1 5 3 8 5 3 5 7 14 15 18 5 7 15 21 8 10 17 16 26 25 15 9 22 32 25 31 0 33 23 21 25 10 13 22 21 25 31 2 43 10 2 36 16 7 9 19 20 5 54 11 0 36 2 35 30 47 20 50 40 3 4 62 66 17 23 35 63 0 41 59 56 56 25 31 81 76 18 43 34 20 57 5 32 46 42 65 1 61 62 13 67 86 42 75 77 20 65 86 13 94 26 94 80 1 29 85 1 57 58 85 51 16 110 94 118 21 83 39 126 90 127 23 40 44 16 32 51 83 61 62 40 11 50 134 98 21 105 71 127 63 92 27 46 32 44 143 30 89 41 94 53 125 88 129 23 53 35 79 155 8 60 135 101 3 147 173 111 17 17 110 59 88 75 99 67 84 74 100 93 183 149 84 7 152 187 157 80 174 52 194 173 96 5 84 137 124 128 19 117 91 117 66 58 141 12 75 82 91 123 58 42 157 189 161 147 42 29 115 92 48 192 95 169 54 100 154 23 110 122 161 70 86 156 232 222 92 234 188 107 230 148 29 165 225 28 178 249 204 106 5 157 248 256 88 200 196 239 65 144 92 69 136 145 175 253 201 181 234 220 66 127 229 120 212 167 229 190 161 121 197 120 137 177 255 223 155 233 11 9 69 202 29 169 184 231 141 24 130 2 247 79 224 237 256 59 9 110 248 133 81 83 234 251 167 108 160 171 171 316 9 15 165 291 123 163 140 294 46 37 77 278 219 211 182 37 181 300 296 216 221 217 91 200 342 337 302 220 144 326 242 153 306 223 160 162 166 284 13 224 286 127 65 127 156 47 313 271 252 83 344 53 238 114 274 151 319 240 215 103 284 7 115 377 44 3 196 120 239 190 389 340 285 353 275 47 75 189 22 236 175 182 37 343 380 234 338 256 412 381 382 276 177 34 93 354 179 108 390 263 421 113 255 323 119 343 370 9 323 379 166 35 267 108 99 120 221 94 407 132 431 138 79 59 348 250 301 102 281 204 339 97 397 358 424 459 430 303 417 74 91 218 67 276 360 378 471 415 125 180 164 34 431 178 267 341 116 120 334 205 312 401 348 473 215 203 454 270 386 416 180 353 447 401 150 336 360 260 417 196 448 299 326 218 280 58 495 321 190 242 329 189 450 55 327 23 266 155 383 316 524 109 451 213 477 292 282 101 135 17 133 172 434 541 537 364 299 440 3 371 156 194 161 344 210 186 342 100 142 251 425 211 454 4 185 269 543 169 264 173 224 55 268 425 317 54 245 472 190 328 451 251 351 424 335 165 80 554 539 579 39 105 203 37 330 337 266 174 21 581 95 120 319 314 344 221 315 545 119 319 197 86 229 10 194 547 213 164 468 556 528 236 96 471 238 464 486 551 552 54 121 109 140 196 146 566 93 527 80 161 42 320 388 481 161 238 484 370 259 382 408 263 66 603 313 490 169 487 35 537 545 220 332 227 354 611 257 287 545 320 206 415 590 379 511 480 139 37 198 84 290 82 259 367 209 161 7 185 289 55 664 241 400 148 218 108 347 444 573 379 187 223 564 671 44 593 561 375 52 671 583 627 29 368 272 712 358 569 142 582 208 66 505 565 461 266 402 616 170 663 431 367 395 116 269 61 209 321 155 159 188 22 403 341 470 96 228 737 441 211 328 739 262 86 721 566 329 651 299 643 177 676 289 271 629 651 273 433 467 331 759 689 641 20 309 299 682 227 475 556 738 695 201 191 483 454 484 581 565 382 718 150 384 468 279 361 667 132 257 740 285 15 325 407 795 564 7 553 38 264 446 432 318 270 368 317 328 783 561 88 206 7 639 640 582 62 243 288 527 788 527 477 532 813 197 265 466 230 146 806 181 623 55 748 666 203 709 365 184 643 460 33 37 170 240 599 746 98 351 691 841 502 116 682 248 134 545 622 814 95 502 157 596 280 277 340 735 642 810 365 110 832 124 447 219 536 167 541 85 440 81 578 469 218 520 614 779 505 470 656 247 574 848 880 683 348 588 492 468 31 421 596 694 265 261 237 763 900 617 746 484 337 850 600 178 25 89 350 902 294 898 423 772 251 582 715 738 449 915 373 192 119 256 397 424 715 703 203 558 946 558 544 307 604 571 107 816 821 509 798 357 174 65 277 359 374 357 905 450 577 589 906 489 389 820 22 233 312 701 278 645 626 271 789 92 761 145 693 307 448 899 600 898 496 457 526 414 875 837 26 902 780 809
379 61 614 334 683 29 584 680 360 845 912 701 784 136 617 706 612 453 872 121 390 347 995 351 327 67 586 234 922 873 594 20 560 687 467 112 561 522 406 338 686 717 697 146 335 658 200 601 606 196 195 80 451 295 613 299 689 643 258 9 610 742 143 373 700 73 865 992 12 460 41 942 254 963 984 816 998 965 292 318 266 509 273 326 280 783 674 26 549 414 558 463 368 381 46 636 970 329 408 533 95 68 72 367 901 58 119 692 723 602 231 994 759 398 542 75 349 944 337 210 726 993 644 798 807 162 663 364 883 682 83 813 55 230 232 35 702 111 834 853 62 532 31 251 174 300 776 126 441 790 945 527 985 442 207 462 756 978 897 786 987 540 332 496 506 293 609 596 296 953 387 941 569 867 578 132 695 772 84 166 253 466 297 249 56 21 956 96 570 120 736 216 324 587 340 470 461 238 180 178 869 156 788 691 693 161 187 886 848 946 164 402 153 900 565 65 632 242 757 889 241 220 310 819 290 536 150 548 741 30 342 732 145 903 814 588 53 13 913 1 503 317 590 629 909 789 975 762 966 847 270 855 400 974 948 625 115 811 436 63 116 530 374 366 365 356 426 933 763 226 620 902 32 937 541 724 908 838 927 469 481 550 579 89 137 821 305 182 439 92 452 851 777 168 91 568 113 100 712 278 524 607 831 480 656 778 728 147 413 910 844 165 169 589 616 339 428 731 983 435 911 564 78 478 331 603 843 929 86 796 651 458 709 110 997 191 870 839 792 673 745 577 59 880 352 141 932 707 858 684 103 857 291 274 907 491 947 448 787 837 465 127 15 800 505 930 923 954 637 4 635 688 179 737 534 325 14 289 105 488 252 729 752 710 484 419 779 256 622 794 582 920 835 483 708 64 358 493 313 640 720 501 240 512 482 882 556 490 188 185 809 471 411 392 730 934 768 685 401 421 735 52 410 836 298 129 545 675 336 303 649 148 830 833 940 82 158 170 514 986 696 459 919 138 818 860 346 377 670 669 761 904 213 949 243 895 344 204 237 891 743 782 287 977 66 939 272 202 641 363 962 523 184 553 502 418 520 393 866 750 599 746 264 106 666 263 753 45 354 286 925 206 475 423 676 557 391 562 879 328 775 774 125 626 785 660 825 859 217 215 386 276 416 935 887 529 27 468 899 17 722 988 791 661 38 517 104 47 81 101 25 936 279 733 486 566 659 751 443 205 703 618 598 8 294 434 597 713 424 361 133 50 918 181 193 931 957 244 878 982 926 221 315 11 917 394 633 653 222 921 608 375 409 824 600 914 744 967 389 681 320 915 894 456 430 546 652 852 511 991 10 864 48 370 201 22 718 498 209 521 573 39 989 74 571 662 233 464 619 793 223 203 888 285 114 823 257 102 507 714 107 454 160 194 810 474 427 799 877 192 769 672 876 477 154 219 447 604 655 547 535 665 198 950 648 544 455 715 28 487 348 149 70 829 330 267 118 345 108 372 539 157 307 576 69 362 976 972 49 973 896 990 827 98 755 766 885 151 288 382 281 801 446 595 85 646 175 832 94 90 804 140 261 623 773 611 754 36 197 808 34 555 248 260 630 868 958 628 449 725 1000 738 650 846 212 176 40 580 981 850 494 797 719 177 432 77 551 142 323 343 308 806 16 928 767 591 938 638 881 828 863 309 93 99 211 499 961 159 123 97 450 183 301 431 124 861 727 892 563 969 627 871 152 634 131 671 44 748 144 283 359 271 960 575 457 384 592 657 951 186 130 585 33 269 705 554 593 87 302 840 964 397 341 476 208 312 214 445 508 572 239 690 664 405 433 770 841 353 357 854 624 71 780 479 642 403 749 805 319 826 422 898 163 645 856 999 371 321 429 57 350 849 677 704 952 412 760 795 385 247 815 615 605 333 199 537 437 60 497 667 227 135 890 884 277 262 218 516 268 311 23 820 407 538 500 139 399 875 621 259 515 916 54 37 968 581 893 255 134 438 781 18 567 980 3 694 304 43 678 51 639 395 559 716 519 173 513 425 235 378 172 473 504 472 711 228 224 171 721 265 996 225 383 771 906 758 531 282 492 842 380 812 88 905 734 444 803 765 376 495 122 245 6 420 647 417 654 246 822 817 19 740 128 955 415 306 388 552 440 369 236 699 79 229 5 924 528 316 109 155 574 485 76 190 510 396 698 971 862 526 679 874 7 42 314 284 802 404 2 764 322 583 250 739 167 518 943 489 979 189 525 24 747 959 543 117 275 355 631 668
2 596 650 -4
2 657 880 -1
2 40 306 -10
2 144 510 -1
1 806 654
2 60 791 -3
1 687 516
1 684 179
2 624 856 7
1 922 750
1 355 594
1 711 695
2 293 507 2
1 25 11
1 671 978
2 235 901 9
1 690 888
1 407 55
2 560 624 8
2 480 662 -6
2 219 318 5
2 635 864 -10
1 215 505
1 513 694
2 137 996 -6
2 280 636 0
2 217 939 -9
1 85 822
1 27 716
2 804 954 -10
1 56 783
2 944 969 -6
1 84 213
1 861 614
1 816 533
1 591 910
1 911 794
2 604 746 -5
2 339 642 9
1 528 467
2 279 455 -9
2 436 885 -7
1 213 872
1 494 629
2 588 848 -4
2 124 382 -4
2 369 831 -7
2 58 140 4
2 546 746 -6
2 395 408 7
1 750 452
2 42 917 6
2 56 413 10
2 887 972 -9
2 405 496 -2
1 304 747
2 335 944 6
2 395 457 1
2 768 955 0
1 661 523
1 945 167
2 41 880 -4
1 257 954
1 12 765
2 216 501 3
1 718 777
1 689 945
2 379 436 8
2 533 689 2
2 168 594 2
2 276 447 0
1 156 237
2 6 712 4
1 521 144
2 115 602 -3
1 503 812
1 333 560
2 151 736 10
2 50 226 -4
2 464 905 -4
1 689 268
1 307 184
1 970 141
1 415 355
2 332 437 -9
2 588 818 -9
1 769 562
2 187 867 -4
2 156 349 2
2 372 878 4
2 446 515 3
1 376 35
2 348 609 10
2 818 907 10
1 578 357
1 528 892
2 24 62 5
2 395 894 6
2 221 619 -5
1 824 356
2 162 386 6
2 44 401 -1
2 4 722 8
2 86 882 -1
1 335 417
2 611 941 -8
2 408 485 -2
2 80 526 0
2 595 757 3
2 122 805 -3
1 795 317
1 483 104
1 657 301
1 868 454
1 660 858
1 145 250
1 711 504
2 241 821 -8
2 284 764 3
1 168 514
2 859 862 -7
2 326 360 10
2 145 742 8
1 337 231
1 563 685
1 729 711
2 32 317 8
2 439 947 0
2 558 901 -9
2 892 925 4
2 53 394 10
1 188 764
1 763 228
2 293 633 -4
1 65 95
1 414 705
1 98 412
2 554 663 -4
1 411 796
1 537 814
2 621 652 9
1 997 787
2 613 672 6
2 7 650 -4
2 597 625 9
2 481 529 -8
2 174 686 5
1 787 414
2 41 357 -1
2 176 393 -10
1 750 276
1 749 373
2 329 736 5
2 421 620 -1
2 24 522 -1
1 652 782
2 377 832 10
1 790 548
2 338 1000 -4
1 112 886
2 396 532 -3
2 108 520 -2
1 362 201
1 368 167
1 331 532
1 938 429
2 284 306 -4
2 586 830 -7
1 89 910
2 47 66 -3
2 59 217 4
2 129 659 6
1 681 887
1 197 773
1 330 264
1 633 745
1 33 741
1 530 349
1 898 801
1 413 51
1 628 846
2 53 433 -2
2 3 611 -8
1 277 279
1 959 692
2 37 889 -8
1 283 569
1 588 784
2 33 558 2
1 232 423
2 912 951 4
1 297 269
1 97 535
1 66 229
1 646 114
1 950 602
1 316 62
1 309 372
2 313 434 -2
2 302 772 -8
2 88 588 1
1 127 324
1 949 309
1 347 216
2 412 987 -9
1 182 369
1 101 718
2 528 886 -2
1 762 963
1 385 485
1 344 648
2 600 794 1
1 907 485
2 133 625 9
1 785 979
2 153 529 8
1 463 671
2 108 838 -9
2 697 953 7
1 845 546
1 304 650
2 439 713 10
2 457 726 0
1 306 675
2 38 564 -7
1 413 253
1 142 954
1 219 897
2 15 728 -9
1 65 328
1 236 572
2 188 328 9
2 255 491 -8
1 334 202
1 537 722
2 385 560 -7
1 231 191
1 842 564
1 402 591
2 429 759 -10
2 538 918 -1
2 781 991 2
1 824 38
2 144 259 3
1 386 516
1 175 566
1 614 147
2 236 291 1
2 349 368 4
1 190 872
1 267 829
2 84 886 0
1 593 45
1 153 874
2 271 412 -3
2 490 522 -5
1 601 948
1 639 674
2 98 395 7
1 706 642
2 432 741 -1
1 74 929
1 374 314
1 499 97
1 906 588
1 255 519
2 85 992 -3
2 391 618 -6
2 2 322 -9
2 894 991 -2
1 837 622
2 142 575 0
2 244 507 6
2 435 498 -5
1 692 417
2 54 759 -6
1 671 915
2 825 863 2
2 579 758 3
2 618 659 -3
1 304 773
1 452 30
2 114 718 -7
1 483 571
1 176 741
2 518 585 -8
2 64 922 10
1 463 554
2 81 531 10
1 788 629
2 556 925 4
2 569 719 -9
2 671 861 4
1 754 400
1 481 41
2 258 320 -5
1 37 98
2 28 544 6
2 522 995 -8
1 483 449
2 239 294 9
1 753 303
2 122 804 3
1 382 472
1 964 49
1 160 36
2 935 997 6
2 385 759 -6
1 362 570
2 209 730 6
1 599 64
1 810 852
1 531 233
1 308 265
2 390 761 3
2 722 900 -9
1 870 226
2 243 852 -2
2 880 992 -1
2 267 826 5
1 564 81
1 651 414
1 206 566
2 189 902 8
2 75 695 -2
2 289 669 5
1 278 117
1 77 82
1 459 168
1 261 142
2 218 537 2
1 395 164
1 539 754
2 177 912 -10
1 651 834
1 877 162
2 114 811 7
2 68 599 -5
1 667 684
2 317 405 -8
1 29 357
2 82 967 -5
2 6 573 -4
2 449 912 -9
1 13 324
1 645 829
2 15 581 -8
2 72 224 5
1 332 67
2 451 870 7
2 491 594 3
2 265 450 10
2 143 813 -10
2 170 303 -9
2 45 338 -2
2 225 458 0
2 299 791 8
1 792 613
2 541 820 -7
2 297 776 -8
2 151 586 -1
1 655 144
1 618 802
2 30 433 -3
1 300 103
2 148 476 -2
2 401 827 -1
1 56 359
2 632 941 -3
1 461 713
2 775 898 3
1 364 363
2 195 598 6
1 787 683
1 150 541
1 883 296
1 12 632
2 91 225 -3
1 845 606
2 147 618 7
2 170 477 -7
2 240 993 -1
1 983 893
2 415 425 6
2 158 638 -7
2 16 290 4
1 35 443
2 82 237 6
2 772 804 10
1 384 92
1 432 159
1 750 235
2 745 782 3
2 48 957 -2
2 559 952 -1
1 917 15
1 226 36
2 521 973 4
2 27 385 5
2 575 692 -6
2 451 869 -7
1 347 34
2 443 814 3
2 673 753 -4
2 60 702 10
2 411 621 -3
1 461 504
2 191 857 3
1 609 464
1 486 2
2 274 792 9
1 248 276
2 66 322 4
2 98 735 6
2 394 492 -4
1 116 330
2 209 823 -9
1 461 378
2 756 962 -10
1 64 186
2 544 984 5
1 838 87
2 297 436 3
1 83 391
1 183 915
2 284 656 5
1 839 65
2 688 775 -4
2 436 710 -10
1 803 936
2 408 845 8
1 154 620
1 265 22
1 141 617
2 759 921 7
1 675 893
1 323 502
1 758 391
1 268 559
2 25 694 -3
2 729 959 -1
1 535 120
1 241 974
2 630 995 -1
2 787 903 9
1 901 402
1 605 299
1 80 306
1 907 627
1 741 108
1 982 369
2 14 540 -3
2 137 810 4
2 421 868 10
2 335 975 -3
1 67 136
2 521 966 9
2 48 435 1
1 772 717
1 421 931
1 262 160
2 450 822 -8
2 206 420 2
2 564 873 8
2 24 786 7
1 735 117
2 32 84 -2
2 332 769 -9
1 624 556
1 931 987
1 737 197
2 168 884 -6
1 527 70
2 644 941 2
2 287 716 7
1 550 643
1 945 383
1 749 364
1 812 457
2 19 403 6
2 245 899 -2
1 442 576
1 133 320
1 944 201
2 286 299 8
2 626 713 1
2 403 479 -1
1 384 450
1 709 476
1 258 75
2 145 160 7
2 290 731 -3
2 423 898 9
2 670 790 -2
2 318 736 -10
1 862 128
2 240 927 -6
2 9 906 4
1 281 316
2 107 643 4
2 42 304 -8
1 318 709
1 743 877
1 968 487
2 219 906 3
1 401 716
1 652 865
1 556 440
2 37 910 0
2 876 955 -8
2 467 535 -9
2 637 935 -6
2 148 648 7
1 621 321
1 678 245
2 356 770 8
2 28 762 6
1 506 956
2 10 392 3
1 930 297
1 61 191
1 589 349
1 972 198
2 409 460 4
1 879 768
1 857 459
1 507 366
2 619 629 8
1 956 721
1 824 160
1 290 734
1 860 391
2 46 81 2
1 994 226
1 821 560
2 97 678 4
2 68 695 6
2 200 389 -5
2 358 677 1
2 276 372 5
2 481 871 -8
1 858 285
1 281 103
2 233 361 -1
1 288 416
1 767 824
1 804 111
1 351 909
1 730 261
2 161 255 0
1 60 221
2 250 441 -9
1 69 391
2 289 752 -8
1 811 113
1 781 124
2 56 232 8
1 839 885
2 166 433 -7
2 453 486 4
1 133 815
2 785 905 10
1 485 287
1 203 657
1 627 411
2 288 469 6
2 522 603 8
1 955 681
2 528 812 -8
1 965 46
2 175 513 2
2 20 203 10
2 74 871 3
2 884 978 4
1 111 120
2 367 973 -1
2 468 788 -7
1 200 104
2 781 957 -8
1 623 576
1 333 277
1 956 191
2 339 812 2
2 262 440 8
1 455 262
1 670 575
1 970 138
1 554 718
2 626 744 2
2 274 946 7
1 629 258
1 290 155
1 592 248
1 274 974
2 182 936 -10
2 520 536 7
1 318 828
2 305 865 0
1 42 67
1 635 457
2 513 883 -1
2 388 472 -4
2 959 966 -4
1 687 88
1 185 324
2 85 917 -2
2 48 618 1
1 760 11
1 198 963
2 698 929 0
1 652 266
1 189 875
2 787 936 -3
1 787 537
1 141 247
2 236 261 9
1 731 878
2 24 74 7
2 538 771 10
1 285 241
2 24 51 -1
1 165 143
2 485 502 7
2 76 286 3
2 140 296 -9
1 538 994
2 12 687 -8
1 527 8
2 72 553 0
1 827 432
2 245 547 2
1 12 151
2 90 703 1
2 182 834 9
1 906 104
2 890 925 -7
1 211 512
2 29 1000 5
1 245 465
1 479 203
1 896 648
1 625 245
1 750 66
2 445 590 6
2 154 323 -9
1 614 929
2 482 916 -6
1 972 837
2 571 1000 2
2 97 99 2
2 99 470 8
1 380 349
2 829 922 5
2 409 944 5
2 151 417 8
1 682 572
1 296 911
2 379 799 0
2 272 648 -6
2 530 829 -8
1 542 620
2 395 853 0
1 906 248
1 97 599
1 946 787
2 757 929 -8
2 98 458 4
2 553 859 -4
1 698 766
1 748 217
1 201 638
2 313 718 -1
1 665 9
1 818 553
2 18 653 0
1 520 308
1 633 559
1 948 293
1 213 524
2 160 569 -1
2 288 648 8
2 136 297 10
1 515 434
2 379 531 -8
1 780 39
2 321 459 -4
2 391 467 3
1 943 43
2 570 701 -9
2 491 629 -5
2 214 929 -4
1 406 416
1 802 414
2 441 615 10
1 332 577
1 566 144
1 76 56
2 592 751 -4
1 481 529
1 914 405
1 132 922
2 189 551 6
1 181 399
2 750 808 6
2 197 608 4
1 298 729
2 568 762 -6
2 631 727 -8
2 730 892 7
1 54 659
1 140 310
1 255 290
2 27 77 6
1 865 822
1 153 189
1 361 405
2 501 508 7
2 103 347 -8
1 927 688
1 802 301
2 347 504 -8
2 151 541 -1
2 346 418 3
2 161 816 -9
1 98 496
1 528 302
2 455 973 10
1 317 366
2 139 582 -7
1 221 286
1 304 556
1 670 280
1 441 313
2 599 842 -2
1 509 917
2 412 512 -1
2 333 971 -3
1 878 781
2 3 641 -3
2 129 922 -8
2 412 869 3
2 388 598 -3
2 368 458 7
1 997 201
1 921 560
1 800 19
1 511 896
1 762 237
1 281 49
1 562 66
1 897 910
2 121 761 6
1 554 762
1 980 647
2 194 672 9
1 606 770
1 352 213
2 471 961 -8
1 294 603
1 914 871
1 637 787
2 23 989 -2
2 460 868 1
1 530 525
1 32 129
1 989 466
1 67 265
1 624 635
1 176 978
1 324 260
2 224 717 -4
2 713 741 10
1 558 967
1 893 116
2 339 940 -1
1 266 638
2 743 818 2
2 34 816 5
1 474 807
2 110 176 9
1 669 571
2 202 581 0
1 319 668
1 117 557
1 269 159
1 754 959
1 32 154
2 188 263 2
1 647 244
2 730 995 -7
2 333 991 7
2 199 973 1
1 314 484
2 193 642 -9
2 340 878 6
1 343 357
2 277 403 -3
2 68 748 -6
1 661 824
2 514 834 8
2 18 417 6
2 662 783 -7
1 626 695
1 281 914
1 582 560
2 705 874 -6
2 33 68 3
2 318 792 8
1 1000 947
1 75 498
1 153 208
2 140 763 2
1 91 167
2 827 877 7
2 115 125 -3
2 243 847 -7
1 885 240
2 382 549 3
2 41 338 7
2 605 671 8
1 665 142
2 344 444 7
2 156 695 -9
2 120 499 5
2 263 270 -3
2 413 649 10
1 415 551
2 173 839 -9
1 882 604
1 288 15
1 749 355
1 772 659
2 295 809 -7
2 758 946 2
2 214 823 -4
1 880 453
2 638 686 -2
1 936 267
1 286 730
1 269 243
2 140 995 4
2 318 684 5
2 392 425 -10
2 106 949 -6
2 284 342 -3
1 519 478
1 461 918
1 928 747
2 600 838 8
1 990 744
2 513 798 9
1 859 731
1 868 488
1 991 202
2 835 971 -2
1 516 524
2 477 841 0
1 554 918
2 159 170 -6
1 44 920
1 795 44
2 656 727 5
1 89 46
1 200 667
2 395 668 8
1 316 886
1 692 707
2 72 828 -2
2 195 862 -8
2 375 610 -4
1 464 326
1 511 753
2 899 960 -5
1 294 737
1 250 286
2 181 382 2
1 532 759
1 583 187
2 2 929 9
2 849 996 8
1 525 672
1 836 531
1 548 575
2 295 600 -1
1 292 170
1 895 25
2 739 744 -10
1 843 352
1 14 360
2 692 794 -6
1 451 777
1 906 564
2 240 442 10
2 270 520 -5
1 345 413
2 48 829 -5
1 62 806
1 807 798
1 714 133
2 124 480 -2
2 391 832 -4
1 998 458
2 72 563 -2
1 398 939
1 505 158
2 663 976 -1
1 41 580
1 955 386
2 368 753 3
2 294 704 -7
2 539 994 4
2 625 766 0
2 290 749 -10
2 752 984 2
1 750 349
1 562 48
2 308 529 -5
1 863 371
1 647 635
2 611 678 -5
2 181 246 -5
2 199 982 -2
1 765 45
1 132 747
1 536 425
2 775 939 5
2 142 752 2
2 423 683 3
1 305 832
2 547 749 -4
2 461 839 3
2 8 501 8
2 107 666 10
2 39 447 0
1 405 60
2 139 582 -8
2 706 958 -3
1 260 495
1 297 571
1 318 659
1 401 512
1 725 711
2 684 995 10
2 271 969 9
1 337 62
1 282 476
2 205 595 -8
2 461 717 -4
1 521 618
2 150 512 4
1 312 245
1 67 279
1 150 757
1 804 596
1 825 587
2 119 814 5
2 866 878 2
2 641 852 1
1 540 342
2 171 527 10
1 547 3
1 553 538
2 178 341 9
1 710 907
1 111 244
1 373 258
1 267 484
2 235 807 -8
1 968 831
1 483 848
2 465 570 -3
2 738 947 -4
1 761 92
2 358 773 8
1 246 534
2 155 349 -4
2 115 416 -10
2 690 871 -9
1 799 45
2 128 320 -7
1 692 425
2 278 615 9
2 199 505 -8
2 238 643 9
2 431 649 -4
1 374 287
2 211 533 10
2 20 40 10
2 393 812 5
1 563 714
1 11 405
1 325 112
2 23 118 -6
2 499 640 3
1 628 228
1 754 557
1 143 127
2 761 891 4
1 598 310
1 475 992
