10
200 199 10
9 66 10 67
21 12 22 11
21 48 22 47
9 66 10 67
184 48 185 47
9 12 10 11
9 12 10 11
184 66 185 67
21 48 22 47
173 99 174 98
200 200 10
20 16 21 17
20 4 21 5
109 187 110 186
111 156 112 157
20 187 21 186
35 186 36 187
35 4 36 5
109 16 110 17
109 4 110 5
35 187 36 186
199 199 10
183 30 184 29
2 103 3 102
113 125 114 126
143 10 144 9
183 30 184 29
183 125 184 126
183 30 184 29
2 29 3 30
183 125 184 126
183 125 184 126
200 197 10
149 110 150 109
49 110 50 109
120 168 121 167
149 83 150 82
149 83 150 82
178 25 179 24
149 83 150 82
49 110 50 109
120 83 121 82
49 168 50 167
197 197 10
186 14 187 15
113 10 114 11
7 170 8 169
113 14 114 15
147 11 148 10
186 10 187 11
186 150 187 151
113 10 114 11
186 150 187 151
147 15 148 14
200 198 10
97 159 98 158
32 158 33 159
97 128 98 129
97 3 98 2
97 159 98 158
169 129 170 128
192 26 193 25
169 2 170 3
169 2 170 3
32 2 33 3
197 200 10
104 136 105 135
142 89 143 88
76 88 77 89
104 14 105 13
104 136 105 135
164 169 165 170
142 14 143 13
76 135 77 136
104 14 105 13
76 135 77 136
197 197 10
132 168 133 167
57 49 58 50
186 168 187 167
186 117 187 116
186 168 187 167
57 116 58 117
57 116 58 117
132 117 133 116
22 99 23 100
132 168 133 167
199 198 10
37 34 38 35
28 35 29 34
28 56 29 55
28 35 29 34
28 56 29 55
18 109 19 108
141 55 142 56
37 34 38 35
141 70 142 71
37 55 38 56
199 200 10
10 153 11 154
65 114 66 115
191 153 192 154
10 154 11 153
136 108 137 109
10 131 11 130
136 131 137 130
191 109 192 108
10 109 11 108
191 131 192 130
