100 1000
2 1
54 1
2 55
2 95
4 3
3 51
4 59
3 73
6 5
42 6
44 42
62 44
44 70
42 78
91 78
97 78
8 7
52 7
52 61
52 96
10 9
10 60
65 60
98 10
60 99
12 11
11 89
13 14
49 14
15 16
41 16
15 43
43 46
43 58
58 69
75 46
17 18
17 88
19 20
20 86
21 22
21 74
77 22
77 79
92 79
93 79
24 23
48 24
80 23
100 23
26 25
26 67
26 68
26 83
83 85
28 27
81 27
29 30
29 45
29 50
29 56
76 30
90 30
32 31
63 31
34 33
33 57
84 33
84 87
35 36
53 35
35 64
64 66
94 35
37 38
37 72
82 37
39 40
47 39
71 47
100 80
10 60
44 5
28 81
4 51
51 59
26 85
37 72
94 66
28 27
88 18
4 73
73 51
77 79
12 89
71 40
43 16
96 7
33 87
21 93
17 18
17 18
82 38
14 13
10 60
28 27
51 59
53 66
4 3
98 10
63 31
100 24
13 14
11 89
2 1
32 63
10 65
63 31
75 69
71 47
42 5
94 66
76 90
49 13
49 14
8 61
39 71
77 92
89 12
98 99
52 96
14 13
36 64
92 22
9 65
68 83
37 38
3 59
93 79
30 56
19 86
49 14
28 27
37 72
53 64
55 54
52 8
51 73
96 61
89 12
65 99
85 67
71 40
74 22
79 93
98 99
74 93
46 16
28 27
35 36
34 84
75 15
37 38
35 66
26 83
83 67
6 70
70 78
70 97
53 64
35 64
13 49
26 85
75 69
48 80
13 49
19 86
94 36
51 59
22 79
4 51
17 88
10 99
53 66
94 53
26 83
33 87
12 89
17 88
32 31
52 7
32 63
10 99
54 1
39 40
17 18
12 11
17 88
21 79
53 66
84 33
84 87
42 70
43 58
96 61
88 18
90 50
49 13
53 66
43 46
82 38
26 25
76 90
37 38
84 33
98 9
68 83
28 81
39 71
100 23
96 7
52 8
1 95
68 67
4 51
37 38
92 93
85 67
39 71
55 54
84 33
98 60
63 31
4 3
33 57
91 78
53 66
2 54
68 85
93 92
62 70
2 1
75 16
17 18
48 23
90 56
69 43
28 81
82 38
94 36
83 67
29 30
42 78
19 86
3 59
84 57
48 24
35 64
70 97
25 85
71 40
94 64
2 55
19 86
25 85
49 14
84 33
6 70
17 18
100 24
81 27
96 7
17 88
28 81
75 69
42 97
53 64
94 35
17 18
43 16
8 96
3 59
37 38
69 58
8 96
3 73
48 23
1 54
19 20
76 45
34 57
20 86
58 75
29 30
43 46
29 50
75 46
71 39
60 98
82 38
29 50
83 85
76 45
32 31
19 20
17 88
82 72
71 47
47 39
34 87
80 23
42 6
30 56
82 72
19 86
19 86
75 15
100 80
92 93
29 30
54 2
35 66
3 73
51 73
10 99
36 66
70 5
90 56
75 43
8 61
42 78
52 7
37 72
52 8
51 59
12 11
85 67
43 41
4 73
32 63
83 67
37 38
76 29
21 74
48 24
98 65
71 47
24 23
97 78
30 50
25 68
96 61
94 66
83 85
17 18
32 63
72 38
26 25
81 27
96 7
8 61
21 74
28 81
39 71
17 88
8 96
25 85
32 31
62 78
46 58
17 18
10 99
72 38
19 86
4 73
2 55
28 27
14 13
65 99
20 86
92 79
82 37
74 79
74 22
71 39
93 79
82 38
72 38
63 31
75 43
98 10
34 33
3 59
28 27
39 40
81 27
62 44
20 86
4 3
20 86
49 14
63 31
72 38
49 13
81 27
80 23
56 50
47 39
20 86
39 40
34 87
47 40
49 14
48 80
98 65
28 81
47 40
43 46
9 99
88 18
11 89
94 64
90 30
26 67
17 18
90 30
44 97
39 40
17 18
49 13
32 63
51 59
88 18
8 7
21 74
4 3
4 3
49 14
30 56
34 84
52 61
28 81
32 31
32 63
2 1
10 99
8 61
77 22
40 71
26 67
100 23
32 63
93 92
98 60
63 31
94 64
84 87
25 85
13 14
60 99
33 87
25 85
68 67
74 79
49 14
55 95
30 45
45 56
47 39
32 31
77 22
52 61
17 18
89 12
10 99
52 61
60 98
71 39
32 63
29 90
83 67
77 21
49 13
51 73
82 37
19 20
19 86
76 45
12 11
4 59
32 63
26 25
77 93
19 20
80 24
44 97
34 33
12 11
11 89
8 96
96 7
36 66
48 23
12 89
81 27
20 86
8 96
37 38
33 57
58 75
25 67
21 22
6 70
68 67
17 18
53 35
82 38
81 27
11 89
37 72
11 12
11 12
94 53
58 46
25 83
47 39
29 56
63 31
15 16
39 71
49 14
98 9
3 59
19 86
76 90
43 41
58 16
39 40
80 23
60 10
96 61
69 16
47 39
71 47
72 38
26 68
68 67
49 14
4 3
14 13
100 80
43 58
83 67
17 18
33 87
21 74
53 35
19 86
34 87
75 16
93 21
63 31
52 96
98 65
57 87
71 40
11 89
36 66
11 89
17 18
17 88
76 90
48 24
2 54
88 18
75 15
88 18
28 27
34 57
33 57
33 87
32 63
10 9
55 95
6 78
19 20
81 27
85 67
70 97
47 39
63 31
61 7
32 31
19 86
4 51
81 27
92 22
69 46
69 41
21 74
5 78
82 72
12 11
17 18
71 40
10 9
98 10
2 55
28 81
32 63
28 81
17 18
71 39
92 79
24 23
8 7
62 44
35 64
28 27
90 56
74 93
96 61
88 18
3 51
29 50
33 87
35 66
29 50
17 18
68 85
81 27
43 46
63 31
22 93
71 39
89 12
10 99
8 96
84 57
21 79
90 56
2 54
74 79
29 50
52 8
83 67
76 50
83 67
52 8
25 85
81 27
92 74
48 24
69 41
62 6
75 41
88 18
13 14
11 12
1 95
11 89
76 30
17 88
83 85
73 59
17 88
76 45
37 72
32 31
40 71
28 27
100 23
88 18
45 56
28 81
81 27
21 74
3 51
73 59
48 80
35 66
49 14
53 66
90 56
82 72
52 7
5 78
30 45
9 99
62 78
2 55
26 83
82 37
96 61
13 49
26 25
13 14
36 66
70 5
26 25
3 51
19 86
91 5
47 39
11 89
26 68
88 18
98 10
69 58
83 67
11 12
88 18
19 20
8 61
16 58
79 93
40 71
17 18
65 99
32 31
34 57
19 86
98 9
11 12
32 31
2 54
32 63
16 58
2 1
17 88
94 35
49 13
11 12
49 14
75 46
34 87
48 23
88 18
2 1
28 27
72 38
89 12
53 66
81 27
58 43
44 91
32 63
53 64
28 27
39 40
84 57
53 64
29 56
11 89
69 46
39 71
63 31
45 56
51 59
25 68
100 24
84 33
63 31
81 27
19 20
98 99
19 20
33 57
25 83
47 40
100 48
22 93
52 96
76 56
69 41
94 66
25 85
88 18
94 36
61 7
68 83
21 74
76 30
56 50
41 58
72 38
88 18
49 14
3 73
3 51
84 57
93 79
60 98
84 57
19 86
46 16
75 16
10 99
57 87
19 20
15 43
93 77
3 51
76 90
82 37
48 80
11 89
12 11
37 72
37 38
25 68
91 97
36 66
28 27
63 31
76 50
34 57
100 48
25 85
58 46
15 46
10 65
77 74
57 87
37 72
63 31
47 40
94 35
44 5
69 46
98 99
94 35
47 71
55 95
80 24
52 61
26 67
6 70
93 79
62 78
89 12
98 65
98 60
88 18
68 83
90 56
77 92
28 27
60 98
74 79
81 27
15 41
96 7
69 43
52 96
17 88
37 72
10 9
37 38
45 50
93 74
11 89
19 86
69 41
37 72
48 80
3 51
83 85
4 3
92 79
96 61
35 36
8 61
32 63
11 89
11 89
100 24
82 37
53 35
17 18
48 23
73 59
61 7
70 97
92 74
71 39
69 46
35 64
61 7
13 14
62 5
11 12
4 51
77 92
94 64
8 61
100 24
96 61
77 22
57 87
13 14
93 79
11 12
89 12
100 80
17 18
49 13
36 64
97 5
94 66
11 89
100 48
10 99
4 73
75 69
1 55
93 92
28 27
84 87
73 51
28 81
73 59
26 67
34 84
40 71
65 99
28 27
82 38
49 13
33 57
17 18
65 99
11 89
42 70
44 5
48 23
83 85
2 54
84 57
56 50
52 7
54 1
92 79
52 96
9 99
60 99
64 66
37 38
52 7
69 43
39 40
60 98
98 10
45 56
12 89
8 61
20 86
11 12
2 95
84 87
29 45
75 58
64 66
20 86
21 79
70 78
25 83
69 58
96 61
25 68
84 33
4 51
62 5
37 72
10 99
49 13
3 51
29 50
76 50
58 43
74 79
82 72
52 8
82 72
80 23
53 66
12 11
28 27
56 50
68 67
13 49
9 65
60 9
11 89
82 37
52 61
28 81
28 27
28 27
15 46
