50 200000 124567
8046 1673 12320
4527 7633 8347
6065 8788 17721
50 14367 16764
1647 6095 15154
7163 3247 10494
1414 2538 13294
4240 10028 18944
8246 9681 11495
589 11293 13298
823 6913 9049
7983 5440 14413
8809 3631 12404
1209 4002 14933
2872 5832 19658
1125 13153 17742
7418 15711 17634
3361 8078 13857
6790 6098 6678
3688 772 5742
6042 5410 8401
6120 15474 18219
7668 12104 12767
4633 10776 16152
3119 8254 9770
3532 3413 12848
8543 1659 12845
1628 11346 19839
6035 7205 10424
3966 3871 11476
903 2841 6022
4676 6938 13410
3063 11632 15556
7205 2128 8249
1696 18631 19385
3332 7080 13359
211 5030 11178
4003 6164 9042
4735 363 6983
4034 5100 6114
9815 2813 12291
4223 4335 18845
2513 4651 10640
5140 13258 19095
2590 5058 14168
3662 15671 18610
6160 11069 12083
3741 5544 6281
8583 5098 16631
4203 3480 11792
