3000 3000 354557
9782 185 1593
3837 2922 2949
8960 518 1539
3903 73 768
3087 2284 2848
4054 239 1071
8856 920 1389
9133 2053 2528
2062 1764 2649
1854 992 2275
6359 205 373
3649 1397 1419
6880 2285 2912
2055 1350 2453
318 1886 1971
4250 829 2565
313 1188 2713
3727 113 2141
3288 627 2569
2197 116 2099
6304 817 2779
9798 1373 2294
2652 1113 1569
6871 2275 2880
5811 870 1020
4205 1775 2241
4669 2260 2740
4380 685 1498
9619 1709 2472
2830 1852 2297
2622 2649 2763
3036 207 2900
7217 390 1786
8866 1368 2968
2644 71 1533
2419 1186 1402
4017 763 1870
2900 1331 1352
695 717 2762
3367 349 394
1968 852 2811
9186 130 2179
5016 180 1468
9448 1342 2534
1842 1223 2427
9445 1063 2995
3011 1219 2740
7977 882 1703
7576 532 1813
7898 827 989
2935 375 2408
1183 1711 1777
1956 1398 2585
7313 675 971
6460 731 2646
4744 379 1412
9619 369 2126
2025 749 1262
8029 161 614
6946 620 2168
4963 2011 2148
8962 1577 2547
6584 1274 1334
6955 417 2618
1386 989 1092
6145 1937 2553
3501 569 981
367 696 980
8579 2244 2967
9634 307 1221
6440 1094 1502
1426 345 488
992 701 2355
6531 955 1176
2803 505 641
1256 31 1919
9114 24 1676
9104 1334 1351
7882 1646 2842
7336 153 1461
6552 667 2154
2052 78 1011
778 931 2539
1420 1942 2046
9259 1392 2962
140 1861 2716
2607 1212 1607
4550 1373 2669
34 206 1893
6853 650 792
6484 1082 2127
3795 1079 1222
2784 13 2538
8794 977 1238
1657 1768 1884
575 1199 1860
2460 90 2743
7552 109 2409
1850 280 628
919 2472 2937
7846 134 178
2504 1936 2360
9395 1639 2716
5790 450 1839
1363 357 1399
8060 1868 2803
1284 59 2970
412 1211 2448
8509 2548 2915
1592 242 2713
4795 1249 2900
9715 644 1059
1293 215 933
4720 1743 2768
3699 1097 2511
5873 1349 2342
5754 1509 1520
4890 500 2246
1249 1147 2564
2812 2347 2715
4572 473 1409
7836 1154 1683
1857 338 368
527 289 342
8880 614 2375
6676 1954 2455
1948 528 1014
2893 506 1948
2731 1809 2575
7257 1135 1805
5852 617 820
9957 2781 2799
1071 1768 2978
8151 152 578
3089 815 1792
9696 738 2472
2339 41 1493
7480 916 2756
7468 748 1070
1860 2040 2443
3043 563 571
3637 1763 1945
3729 364 2195
6446 231 859
966 262 887
648 1298 1492
995 272 2831
3023 840 2797
6477 281 623
9623 815 1784
7802 2334 2739
9678 919 2546
6267 1386 2604
1411 1658 2821
6556 714 2414
7043 464 1783
216 2436 2585
891 308 2546
8656 1526 2809
1751 823 1748
1774 1152 2635
7243 1103 2404
4809 740 2443
744 2122 2156
6173 244 515
8454 1319 1781
3428 1544 2526
5085 397 2146
2163 431 1367
176 112 787
5228 883 1955
7449 259 2989
3896 731 1100
7418 1174 2618
1629 151 2064
3932 971 1453
1080 700 902
2985 330 1237
5176 867 965
2070 338 1802
4601 1675 1825
5320 256 2262
50 497 2351
9573 1363 2306
7163 270 1188
2647 345 928
8495 1808 1929
5948 1884 2780
3233 1379 1573
8812 549 993
2291 214 328
1674 92 1062
2477 937 1420
4495 666 1754
656 490 2323
2734 1115 1774
7017 1108 1208
6339 1619 1765
9831 68 2769
3668 419 1563
6536 416 2671
1264 1509 1541
4693 827 1787
8168 70 2710
8639 718 2370
9472 376 960
1570 660 2650
6017 95 256
511 190 2652
8300 1602 2081
7976 1653 1811
212 1706 1818
3949 1603 2798
4498 312 631
6151 1942 2339
3293 1591 2504
3856 978 2231
2546 632 2144
2305 34 600
5205 1110 2889
7379 965 1858
7011 470 1880
3172 1668 2223
5886 1103 2063
9522 2164 2391
6499 2202 2461
2403 100 2953
7163 1533 1595
7011 725 840
7128 1020 1372
831 701 1847
3362 1905 2390
9835 1581 2722
903 292 876
8494 1926 2672
7590 815 868
7803 997 1663
5106 1685 2715
3859 2063 2187
8703 164 2815
8755 2756 2805
6573 1068 2868
4105 808 1288
8182 814 1130
7959 118 694
1203 224 2897
7643 1294 2943
6572 1767 2544
2349 646 1262
8417 2413 2424
7813 899 2625
2468 453 2033
665 1609 1710
2359 709 1435
1913 944 2578
6059 1784 2661
3307 908 2353
3963 41 2319
3698 1902 2247
8007 1259 2194
1716 1233 2194
92 969 1924
9669 1549 2094
5500 140 2747
5812 1214 2625
9570 31 2956
655 955 1362
7369 144 2459
6098 97 1725
9313 1962 2829
1727 703 1923
8939 1994 2619
2949 1123 2726
5561 642 938
3719 131 1267
5960 383 726
4353 53 2885
21 668 1267
4241 106 938
5800 701 2078
3336 354 2379
8936 1276 1820
1493 650 732
1653 1210 2591
6207 2101 2535
8793 898 2523
491 1477 1757
659 149 1724
6067 2000 2432
3275 1182 1309
5085 8 932
8552 301 1696
5363 91 1175
2996 14 1469
2173 1666 2782
8074 908 2955
404 450 2421
8816 928 1013
418 270 515
2274 1154 1159
3880 140 2450
865 664 776
6958 1411 2405
4770 1650 2072
4081 1371 2723
2930 625 2358
1626 116 618
7 328 2038
1676 2099 2304
3780 110 2177
2134 261 864
5397 746 2627
1415 229 1855
5904 2532 2734
4405 1160 1323
896 1067 1974
2984 180 1174
7310 1723 2490
399 232 2090
9179 1509 2737
7576 46 1023
6688 1147 1539
7065 629 1204
7586 1288 2120
4508 178 1918
5744 1885 2507
7622 1303 2976
9619 2110 2547
5073 583 2428
3779 155 2213
773 1862 2546
3514 1814 2726
3143 2008 2120
6070 65 730
8550 646 2403
1971 1793 1967
4098 471 2169
5359 283 2576
6436 506 2050
9250 865 1294
5382 7 789
6245 1666 2538
3911 1042 2134
6000 550 1394
7189 1820 2985
9596 1058 1495
1317 1148 2268
2001 689 2647
7205 492 2888
3652 250 747
5002 355 599
1918 996 1661
9580 85 2597
8505 37 1240
3941 1931 1950
6287 68 808
7187 899 1446
1946 1026 1612
8932 38 639
3190 41 635
5449 1411 2595
1451 1870 2398
2777 357 2610
2741 14 462
8564 1988 2555
2587 739 2241
7559 394 2407
3728 1318 2132
9092 556 2974
4963 1018 2310
9480 2107 2969
1798 772 2211
1521 1468 2285
6569 13 640
8927 450 751
3294 191 342
2134 238 1914
9214 442 2064
5368 2001 2268
2684 796 2661
6969 296 1960
91 991 2816
8221 1495 2166
10000 452 2471
5686 127 363
8268 2348 2841
1069 2705 2731
1514 399 993
6551 467 1801
82 896 1668
3093 1433 2601
7690 1199 1921
8088 509 2455
2058 1885 2640
2138 613 750
7390 2402 2559
4494 1560 2981
2680 1483 2941
7933 653 1674
5023 1183 2259
2135 27 808
1999 585 640
1083 165 569
6946 1073 1770
4343 1993 2520
1203 589 2467
9498 708 1411
3733 1803 2522
3528 2426 2892
8884 1772 1886
3865 1864 2836
8782 264 2117
5898 121 187
7971 2022 2842
6831 1341 1887
4934 649 700
6310 848 2645
6995 1460 2801
9073 1019 1575
1135 1625 1887
414 1188 1770
9178 2656 2873
2978 657 1050
8598 1309 2214
3351 911 1480
5108 1287 1387
7850 1050 1247
7722 1847 2147
1899 1173 2251
4779 2853 2878
4105 2594 2795
1299 361 2240
2311 1161 2530
4971 1349 2146
1837 637 638
1264 1911 1990
3924 1102 2113
7405 74 393
6257 2285 3000
4287 1397 1731
3321 548 1875
238 530 2003
116 907 1442
7593 1445 1742
9844 498 1606
6957 965 1175
7803 1180 2885
9241 1139 1774
3569 313 1170
2196 981 990
4534 1662 1892
8792 987 1527
2741 2265 2813
3140 654 1723
546 536 2322
3696 1401 2797
6633 1075 2802
9642 1557 1584
1337 1740 2480
5549 944 2645
1124 321 2234
9906 1609 2834
6376 1503 2931
5457 219 2561
7686 505 1214
2289 757 1680
6411 1016 2610
5265 267 1881
3639 6 2728
3930 1446 1874
8416 870 925
5511 1892 2839
4471 286 1676
642 594 2132
8159 700 2946
630 288 1204
3071 2219 2636
9512 1510 2749
1852 665 924
3934 604 2636
4930 1053 2704
7135 231 1127
1128 474 1153
3093 1176 1339
6320 1732 1765
4301 464 1547
6016 543 1857
8333 532 2386
4960 2368 2703
9489 670 1355
2858 928 2976
9708 2087 2480
8297 1302 1871
9908 2341 2975
3538 2407 2898
3942 205 2620
6577 1378 1860
7196 895 1738
4081 894 2080
2954 2383 2568
6419 1314 2564
4924 2156 2222
9307 1190 1858
9058 448 1382
6995 1821 2867
1138 2407 2952
6852 1594 2092
7990 224 2896
4798 359 656
430 133 175
5541 48 2478
6863 905 2314
1216 566 2036
2018 490 1552
2402 675 1979
5293 2507 2564
3884 2117 2514
3070 1150 1322
2825 2229 2542
9002 600 2371
1317 162 1514
3141 1060 1408
2270 287 614
1867 151 1492
6441 118 2508
7573 223 1384
4552 152 2676
4909 1296 2363
9070 1754 2293
5353 574 2181
4058 1951 2764
7463 556 1760
9263 1279 2788
4493 2044 2450
8838 1811 2549
1398 1881 2988
4463 861 1438
5359 432 2623
6571 1416 1702
2028 412 698
7330 151 200
8094 127 1028
7216 860 2343
4196 254 2785
808 334 1394
4837 693 1111
1688 1002 2120
4033 874 2020
6370 25 1432
2430 688 2074
9354 1174 2030
8371 1222 1862
7028 423 2964
9606 1282 2247
488 2353 2415
3089 297 2174
6963 114 1557
843 330 1383
2096 541 1112
9209 2117 2750
3734 1799 2239
6122 14 2199
9880 740 2335
342 672 1153
5082 358 2995
1482 625 1364
1071 1873 2291
7545 9 1535
313 2157 2708
8493 594 2964
6149 52 1071
8423 850 2327
6866 942 1339
1523 475 1707
432 166 2137
9166 1606 1670
3565 840 1057
7666 1432 1448
7475 454 1269
2818 349 2842
7497 521 1796
3132 2592 2853
3231 278 1937
338 501 2717
6200 1926 2692
6477 1381 1890
1663 753 2945
6379 25 204
9828 709 1257
1406 1467 2901
6704 1344 1546
4326 1885 2437
5187 1449 2413
9245 1401 2592
2217 1825 2220
1065 1834 1957
4543 39 2454
3047 791 2814
6736 1010 2335
1966 309 2744
6361 231 2655
2380 2227 2637
5387 1059 1252
8856 265 2693
561 909 2464
9148 488 959
7766 2513 2653
741 1323 1874
8331 182 1609
6946 874 1275
6174 989 1168
2972 1296 1933
8714 1360 2952
5465 811 1752
6890 472 855
3994 416 2398
962 1205 2071
6805 649 1918
185 1326 2991
7140 346 351
6887 2173 2677
8452 2739 2996
6447 1608 2960
7728 358 1241
8615 930 980
3460 542 1329
7853 1714 1755
1077 46 153
6743 154 2549
3278 448 556
5754 833 1538
277 2652 2900
4578 531 2175
8628 648 2474
9361 249 381
7801 130 1666
6164 589 2999
7105 36 2206
8845 164 1078
6018 2009 2668
4383 1203 2605
1684 1684 2427
5731 1987 2139
3659 1516 2316
7366 819 933
3533 1854 1946
8714 884 1907
9742 1833 2602
2194 612 2406
4755 378 652
7078 1016 1336
1083 116 815
5998 385 2396
8977 933 1552
652 115 2587
3002 294 2979
4862 783 1905
6195 639 1488
4196 2461 2701
3508 1773 1851
8181 804 2655
7778 98 2108
6758 836 1821
7615 888 1369
9888 204 840
9930 1906 2231
5520 546 1437
9970 1425 2819
2956 1160 2549
9102 65 2279
298 169 1129
2873 639 2953
949 388 995
9420 1613 2225
3124 873 1658
3354 1582 2960
1297 1367 1746
4491 101 2501
3890 671 1087
2515 880 2742
5012 1307 2750
6185 442 2615
4715 714 2609
6542 311 529
7856 1331 2249
7364 142 784
2843 1459 2764
6539 2093 2493
1551 1933 2295
1399 1715 2382
9624 2522 2691
3514 893 2488
6369 2688 2698
2387 2313 2837
8153 68 1461
7191 1675 2658
8213 1314 1595
6798 1256 2799
9246 94 500
494 359 2626
8120 1506 2278
1334 1319 2484
1515 679 2652
1625 1974 2041
6342 100 2976
1404 292 970
6907 819 2447
3470 1656 2337
8980 1177 2675
9785 1272 2279
5958 2225 2885
502 932 972
3248 1177 1188
7642 806 2977
7038 621 2719
132 288 1299
3896 1757 1911
9404 2127 2583
6922 116 564
244 2464 2538
5231 615 2776
1946 2132 2529
4716 770 1790
7058 1246 1694
5155 395 2020
6263 1928 2727
7762 1951 2942
266 2812 2998
9789 652 1690
4721 251 1354
195 1351 2473
8687 372 1378
5898 1196 1609
2493 1893 2101
7316 312 2974
7851 1683 2196
1264 2589 2888
4859 1595 2515
7210 1017 1308
5806 2453 2970
3966 874 1771
6650 1071 2375
6220 1013 1205
2053 2481 2815
3582 517 958
707 648 1709
6465 1529 2462
2274 1815 2511
849 565 778
486 1237 2007
6675 1801 2267
1309 1862 2043
2454 1568 2896
3751 1851 2842
4392 1543 2524
3605 1083 1354
4227 505 2033
8634 837 1818
3409 672 2999
7226 1668 2338
4203 55 644
8988 586 2461
6099 1940 2818
8108 811 1082
8229 59 145
5960 72 1175
1737 1037 2980
7212 1547 2842
5044 465 797
7166 2442 2675
8706 771 2718
9899 692 1278
7799 1290 1982
7226 151 1788
1371 1763 2568
1162 1956 2514
4189 1059 1596
5230 1961 2483
1419 1578 2949
9273 2189 2366
5206 306 2739
4579 238 315
3724 1934 2354
303 462 2590
5636 593 1590
4918 373 884
5905 2607 2644
8229 2220 2992
8646 1444 2530
4927 363 1566
3213 310 724
6424 1291 2697
9220 126 1714
3410 1396 2592
4075 577 2423
7767 112 139
5327 902 1432
339 1561 2679
5948 243 1161
390 640 2831
5766 281 672
2958 206 1946
9427 285 2965
4077 2083 2897
6504 848 2121
7958 910 1739
2801 514 2876
7096 529 1532
8932 1069 1801
1067 317 1650
9356 17 627
4741 1222 2800
5445 995 2123
8439 2078 2234
2082 107 2400
3112 1841 2073
2779 1566 1840
9137 589 1219
7150 607 2109
4075 635 955
9758 928 2164
6664 1695 2323
6751 34 999
7040 238 1982
1647 832 2111
3178 543 1122
4926 1987 2446
3915 2819 2960
9634 511 1478
1108 1940 2532
999 988 2443
1178 1521 2661
809 1651 2268
8430 140 551
1987 521 1056
9423 444 2576
8246 103 2680
5836 355 1220
4186 589 754
2936 1419 2687
1325 170 736
2877 189 1513
3743 2119 2255
328 2369 2385
5 480 1557
4966 1129 2787
1611 234 738
9282 1680 2652
4137 449 544
9021 1586 1636
8385 1225 2244
5434 53 2412
7685 2498 2746
9581 1326 1530
5056 157 2557
1887 2119 2331
9846 369 2750
795 962 2997
1430 1382 1686
778 89 1261
4280 1913 2228
7572 1000 1656
866 571 2420
3834 1057 2045
442 43 2796
1985 141 1067
7 290 490
7383 488 2303
3738 795 1679
4369 2385 2842
9561 103 1134
7993 1222 1661
7592 908 1471
2873 1970 2898
5700 1494 2364
8014 183 442
2075 1774 2886
6412 1507 1508
781 817 2282
9244 710 1408
5468 1725 2078
5639 2149 2710
9430 1292 2762
5249 1329 1558
4215 1217 2559
5690 347 1879
2857 350 2715
3288 329 2671
5021 333 874
972 2301 2391
6345 443 1787
1727 1491 1797
5870 2362 2923
5753 650 2362
5714 1082 2399
9974 659 1708
1405 56 2504
7879 784 1536
7384 733 1500
9848 1514 1959
8972 1259 1937
6844 2388 2734
6808 1225 2005
9238 1800 2684
4737 2663 2762
9807 163 654
3368 1535 1606
4173 1658 2012
617 2076 2762
91 1106 2444
1456 2147 2310
1480 900 2592
8049 613 1337
6344 1775 1840
5214 772 2945
7255 159 1843
400 1843 1959
8057 981 2431
9513 717 1486
7306 156 761
1721 505 1048
9585 1063 2235
4003 885 1090
651 992 2450
9795 1360 1885
9229 437 2521
937 65 1076
2362 416 2235
8343 231 916
3783 1294 1687
7125 2220 2309
6110 1050 2203
5523 60 1206
4436 142 2446
6523 189 2822
6785 29 2795
2624 174 1465
7100 180 1614
5387 966 2215
4691 1087 1781
562 52 1135
2256 914 2428
3657 1957 2040
5588 1482 1555
6455 7 1936
3935 217 983
6318 19 1803
8134 1189 1532
3206 374 998
7708 1423 1653
7166 2 2927
6315 140 1740
8122 1871 2306
160 759 1547
1135 304 332
9183 1894 2599
1870 428 1433
3875 891 1434
9579 477 1465
1428 455 719
802 362 1190
7043 482 882
2809 726 2125
8116 2715 2947
6481 1262 2897
665 372 2120
5951 1500 2567
1974 173 1592
9962 672 2758
4436 2283 2871
3358 527 2290
1269 215 1794
3944 445 1747
7662 852 1502
5678 102 2678
6332 2078 2952
6289 1906 2302
3063 1383 1777
1577 2451 2567
8063 2563 2679
5201 107 2438
5990 2108 2166
6515 93 226
7046 449 2663
3931 421 2896
8999 1565 1990
2794 783 1124
360 488 1223
2199 29 2824
4897 292 1066
8207 96 2463
47 142 662
1006 798 1041
9965 359 513
3140 326 889
5429 1232 1610
8482 1662 2753
8135 1008 2245
1431 867 2490
9031 1614 2098
2795 235 537
1230 948 2569
9733 220 1162
3121 2071 2428
6880 399 454
3018 513 1369
3082 186 929
3222 1610 2431
424 1024 2041
2752 85 616
4472 709 1168
7282 1364 2446
1824 2078 2584
7336 358 2078
6213 664 1618
8345 545 1831
5969 1529 2205
5430 428 2082
3538 471 1263
6715 1339 1566
6000 231 1295
505 1668 1827
6970 221 1012
5912 1043 2389
3707 800 2573
2345 947 2304
3051 1086 1404
8244 345 1626
7433 470 2341
2722 1464 1843
6757 1427 2249
5505 715 896
301 814 1383
3736 1180 2334
2353 479 740
1268 60 379
1353 233 1531
3430 960 2286
4165 2664 2768
3300 161 2876
7676 364 1255
8909 833 2101
3407 1254 1424
6267 85 2341
2275 2232 2706
9308 1401 2650
6133 91 1620
597 1050 1293
2650 1973 1978
133 90 2523
8372 1992 2191
8302 2349 2448
9915 613 1623
4076 766 2025
4499 436 1869
1467 938 2295
9068 9 1751
143 834 1123
1561 790 811
8217 1788 2105
3646 1000 1144
8571 47 590
8581 239 2449
8836 420 2944
6021 113 525
5172 860 2221
5535 1597 2749
574 492 1485
547 849 1898
8670 705 1446
5677 1673 2474
6239 537 877
4391 1106 2796
5832 1832 2399
6540 77 2030
8137 52 1347
2789 1138 2727
5299 1259 2287
9476 2124 2772
8116 537 559
9099 973 1808
9938 1159 2346
9400 407 1385
1168 1946 2311
441 1333 2721
5344 474 839
9551 1065 2822
3506 1262 2559
3575 1085 2598
7596 1764 2809
8492 2098 2453
7092 488 1553
9309 1369 1955
9367 1259 1351
1161 747 1714
2081 1554 2356
7872 85 633
7125 352 1206
4796 2364 2367
6705 557 2244
3264 2710 2806
2828 1394 2725
6821 867 1195
9765 1280 1778
1643 2080 2726
4742 806 2737
8983 2234 2290
5518 386 1294
5416 1601 2195
5484 2182 2201
6501 254 2191
8308 1980 2929
5971 2465 2698
4237 1453 1588
2376 1631 2523
7414 25 1092
1337 1355 1703
70 1426 1732
9551 1617 2601
231 1299 1812
7006 2650 2873
9424 1044 1149
8571 1415 2661
774 2203 2589
6928 523 2410
9939 1969 2252
2791 226 983
6978 1279 2268
4512 956 1277
728 569 2542
9924 265 1650
2915 1220 1924
771 589 1917
1037 2234 2708
7200 631 1369
596 327 828
2808 2556 2979
2258 1736 2183
8144 2196 2774
437 1163 2094
511 567 2954
8516 1908 2878
3447 1592 2456
6310 816 1008
6265 41 459
2494 1060 2653
3725 1635 2863
4544 1145 1883
4085 1254 1325
431 259 970
7186 1427 2855
9093 627 862
4644 1447 2385
4816 2260 2652
4738 1841 2271
6709 887 1701
8740 2603 2764
7444 1769 2629
9938 224 826
6558 208 1901
2640 1504 2167
1515 409 904
5978 1420 2197
7790 611 1548
8568 397 1205
8459 648 2811
8144 1402 1467
9048 650 2084
191 1796 2853
8169 37 179
307 1534 2738
1138 707 1223
8104 222 1959
7181 525 2640
8090 142 561
6522 8 1794
8202 1934 2380
3281 1671 2185
3631 1447 2232
5106 33 2966
4850 47 1900
8889 356 738
4330 2056 2233
8153 945 1734
9866 522 596
6231 747 2032
217 698 2468
798 468 2552
3028 1177 1327
5279 2477 2603
243 1064 1709
9332 1910 2500
9615 173 1276
2604 106 2994
1472 1521 2338
9516 257 2906
1431 2518 2689
9124 1244 1533
21 289 959
6049 2216 2411
1441 143 1611
9268 862 1784
3424 416 2739
5549 439 793
6327 1653 2390
8061 2038 2742
6683 269 2105
8656 319 2589
8927 321 931
6662 510 794
7124 914 2535
513 1545 2557
6236 2085 2122
7053 2756 2909
7420 2819 2908
7917 657 2880
4963 134 2638
7635 1826 2540
1019 668 2487
3633 2407 2824
9009 227 2463
2409 186 1280
7093 309 666
9513 1208 2877
2199 970 2757
5026 844 1955
5034 1326 2554
7378 745 2904
7271 964 1557
2941 70 1960
947 724 1981
8346 2039 2914
611 2198 2472
1967 551 2857
6086 981 2915
4362 863 1146
1379 233 1551
3122 635 1769
4595 617 1425
3129 1290 2739
2118 125 1598
1861 433 1305
5972 737 2558
4551 2678 2945
7698 137 1805
1162 653 2985
8533 131 566
2595 731 2277
7970 1090 2626
5183 1129 1661
4601 107 763
3552 355 868
1272 1731 2153
1416 1504 2539
7076 896 2950
4236 803 2246
2076 506 2228
1842 2424 2671
6886 344 1705
6941 411 936
1899 170 2945
6814 813 849
6786 97 2960
1166 893 1124
2433 1907 2332
3201 649 865
3714 1931 2473
2017 2007 2471
1884 2291 2900
2829 563 930
957 1647 2404
1205 683 2362
3426 575 1768
611 1141 1618
4275 968 2968
5277 200 1648
4488 758 2713
4081 194 466
2610 953 2046
2594 1745 1866
2729 246 2182
7595 365 2902
1581 592 1581
2314 2 48
6561 109 1281
3178 406 492
8199 524 1807
2325 333 786
1168 102 2805
609 485 2117
683 637 2781
8747 979 2928
1224 279 1371
2350 573 2873
8281 41 2940
6934 1726 2347
2397 103 909
3172 573 1381
5972 1055 1625
9281 2192 2574
9821 648 1899
1978 633 2160
3511 1143 1648
2901 1465 2044
8373 1015 1439
4346 454 2714
1910 1168 1372
2493 361 2486
2596 1796 1945
4932 503 1812
4399 1274 1338
3559 2722 2865
3548 583 2881
2402 2841 2899
5245 803 1605
4318 1357 2171
6653 2009 2153
1047 511 2627
1343 346 2929
805 557 1922
9249 1498 2701
8683 718 1699
5069 14 1366
1223 1240 1598
915 1038 1845
6805 211 2753
3574 194 736
1167 1073 1830
3018 1961 2563
9215 949 2217
5281 1337 2174
7466 863 2844
1983 1551 2680
8794 1251 2848
5850 196 2184
4893 1366 1613
6410 735 2948
9133 4 661
6435 1782 2339
448 729 1113
4728 210 2194
2354 2829 2865
5445 1950 2928
8541 1091 2915
6112 1594 2937
7494 2268 2741
2849 396 1271
5714 1633 2879
1984 2131 2681
6302 479 938
2819 272 1483
4169 339 1386
6240 2356 2722
3816 138 2116
8610 911 2578
1585 674 2694
5902 1258 2574
4033 239 2377
4392 658 2396
6961 485 1678
4876 1279 1592
9013 938 1979
7293 1356 2998
3110 484 1174
6996 655 715
2232 1154 2552
899 783 2849
4043 1028 1699
6538 29 2490
7156 870 2405
2573 333 2470
1033 63 2885
8078 502 1512
3252 2189 2314
6086 2285 2380
236 1675 2983
1523 1167 1921
8169 1422 2410
8847 1320 2546
697 372 1128
5177 1700 2425
5335 1222 2975
5036 388 1691
8888 1422 2887
1189 1427 2739
302 884 2294
9859 1825 2332
7908 266 628
1711 68 2856
8019 97 2881
4204 1782 2576
8037 1697 1955
4815 216 2040
5295 1882 2545
4023 725 2289
8962 359 608
4530 48 2403
5192 1123 2816
7813 1745 2334
6440 742 2433
1212 279 2315
2073 1020 2635
4627 732 1451
6484 1652 2635
365 1 923
1249 384 1164
4137 2103 2894
9633 1101 1746
4752 1858 2226
4447 1474 1742
8601 1117 1257
3129 1075 1185
2536 151 585
6573 671 1554
5146 1042 1728
9183 532 596
6011 34 1811
3931 866 1948
9881 4 1493
5898 1351 2885
8653 2033 2062
8341 1680 1952
6989 1161 1893
327 2801 2848
7686 458 618
1641 971 2512
1195 748 2844
6563 420 2876
4971 1092 2859
2766 34 2917
6633 632 1167
4124 562 2651
406 69 636
9938 2699 2715
2382 1289 1415
721 752 1690
8342 877 1446
1846 145 2967
7163 749 1059
986 2569 2782
1632 280 2456
9732 1016 2950
784 1074 1863
7427 2833 2876
6913 2244 2913
8249 604 2852
2288 1360 2757
2119 932 960
9106 710 906
1428 744 2792
2141 1242 2845
6733 930 1638
1159 1032 2641
3286 679 1745
9976 100 2780
6762 1706 2222
8663 774 2572
6879 650 1469
6936 34 1617
3476 336 803
9612 400 1447
8759 142 1736
8245 224 934
2726 657 1628
6965 2019 2058
4583 1286 1892
2300 675 2913
9196 656 904
6588 637 2021
2701 442 563
5867 932 1398
3434 977 2136
6701 293 1707
5205 2055 2662
6659 102 600
1844 1963 2519
5536 340 1536
6317 2087 2178
8103 319 1600
5725 134 1010
792 236 1437
7783 1058 2269
2359 581 2763
827 168 1340
6182 337 2311
7252 363 485
7139 345 1397
4452 1166 1390
9279 70 2228
2203 1420 2820
4037 1599 2428
5756 328 1558
1432 357 2076
2655 1378 1878
5842 269 1010
115 783 1508
4102 1195 2742
2159 711 1339
8838 12 2743
6428 817 2664
5763 958 1925
8359 390 2598
7304 1522 1990
2534 1455 2223
4708 1324 2820
674 1024 2958
2331 437 1952
1510 605 709
4148 899 2651
1393 67 1780
7676 786 2752
465 2161 2409
3860 422 1316
4185 349 2087
3161 864 1113
285 2421 2821
9000 1576 2884
5603 2106 2612
4752 99 1817
1601 25 2290
3518 1049 2055
973 1381 2296
3052 116 1362
3229 573 2008
9793 354 2059
8895 757 2596
2631 1020 2040
1919 1758 2215
7654 741 2941
7261 1082 1610
7241 569 1559
8636 2350 2352
9912 1370 2802
1469 489 1135
1582 168 1155
7675 1477 1994
599 759 1564
5941 1122 1780
6964 1910 2947
1978 203 303
862 604 779
4286 26 2000
2053 1286 1502
1554 1710 2344
5206 1039 1295
7772 607 2361
7899 110 1135
9325 1745 1990
2189 583 1322
7967 663 2151
8289 1729 2417
8601 1853 1976
8149 749 2542
7840 2065 2249
1417 625 1919
2090 1150 1617
4976 93 1776
1688 474 2017
1103 1257 1645
3347 147 2550
3276 606 2071
170 482 624
9417 994 2509
3767 369 1596
555 461 1976
7159 388 2744
6007 731 1902
3185 1353 2172
8079 2314 2790
860 483 1789
5931 1119 2535
7859 114 2339
8964 1725 1884
9469 192 2692
3958 50 741
5217 475 1959
130 1481 2751
9362 2263 2978
2387 351 2773
8035 1108 2107
8761 2654 2942
8567 1687 2188
2732 231 2617
4956 630 1546
3748 528 2743
3149 47 190
1300 1187 1421
9742 163 1161
8759 816 1181
3717 985 1972
2161 837 1711
1149 2099 2190
3152 1044 1143
5944 34 386
3581 1820 2343
2644 1529 2399
1950 1118 2143
3664 4 2805
696 19 244
1192 511 2284
3238 425 1926
7903 2431 2635
2997 203 230
7644 405 1887
887 610 1997
6153 447 1330
1452 538 2713
4031 1345 1989
10 601 2538
1212 210 2189
384 483 1978
1779 842 1365
652 1172 2632
8056 2284 2587
5655 832 2410
7522 279 2744
8429 459 2766
8722 273 1271
7640 1376 2740
8192 723 2991
6091 772 2531
9190 1832 2874
6306 1215 2580
7708 1466 2957
4901 1707 2184
312 2685 2940
5080 344 705
4209 974 2559
1984 1364 1380
9431 55 1324
7732 1796 2843
3280 902 2691
7041 515 1141
6699 1621 2294
3912 1411 1931
9614 1428 2060
6240 2305 2814
4614 781 2950
5452 1570 2951
9827 464 2657
3213 1623 2055
6127 473 2255
9782 1544 2721
9160 643 1083
2126 1293 2659
8691 96 1102
6139 1314 1842
5529 180 2778
4648 948 1733
2423 1787 2285
539 1911 2872
7070 254 331
3169 77 2380
7605 69 1507
3004 833 1586
8047 1721 2031
4998 2315 2957
4729 1242 2077
1298 1978 2293
1535 814 1465
8642 604 2309
9693 2021 2829
205 333 440
7495 536 1964
9114 876 929
2489 448 1478
6354 459 826
9484 1172 2901
4171 1699 2876
6539 567 1084
4483 576 2499
368 1972 2848
7834 1467 2981
6503 1822 1863
771 107 175
4318 1272 2140
2678 1652 2003
7631 613 614
3051 412 2911
8482 1368 1489
2579 991 2506
5888 1963 2919
1666 108 2256
3235 557 1410
5749 1714 2219
831 32 2890
7260 417 1270
6463 697 2257
9986 424 749
1396 524 802
1212 312 2227
4620 897 1250
7959 1075 1354
8074 1984 2609
8778 966 1937
1748 1126 2555
3953 743 1369
9273 1176 2987
7405 637 2124
1955 1546 1698
3935 832 1180
9686 962 2140
6810 1466 2907
4885 1452 2028
6813 590 2755
3796 707 1918
8863 1376 1429
3885 1262 2336
649 499 851
6316 895 2785
3818 1004 1814
6520 973 1671
5922 1716 2537
2228 2330 2763
48 562 1729
3175 2347 2708
5509 548 2056
1718 215 1460
776 1201 2161
9142 151 1512
2265 551 1334
458 887 2905
7862 1719 2512
8398 760 2576
2933 1863 2805
6380 1317 1493
6261 531 2580
5490 2001 2495
6495 695 1929
9861 304 580
4905 2340 2814
5595 10 2451
9931 589 1643
2332 1082 2914
1784 1641 2782
8429 410 2878
7987 491 1248
2122 2496 2605
5458 971 2437
598 598 2829
9010 956 1566
6986 848 1339
310 1494 2855
968 604 1965
3432 528 1584
3271 1624 2524
551 1697 2946
305 1765 2299
2619 1433 2527
1731 1026 2325
8495 611 1571
1489 348 2316
3255 2223 2634
6012 1233 1911
633 1940 2886
3980 525 2535
740 914 2005
319 2230 2770
7424 1044 2598
7896 1120 1204
6051 607 2538
4493 573 2087
957 276 2181
3152 390 1787
2038 26 1444
2620 1450 2836
1329 1753 2164
9089 450 2896
3863 1133 2141
2718 382 1046
3742 989 1333
2788 916 2020
8176 490 2077
8730 1754 2252
1712 1124 1911
174 717 2389
6428 253 2580
4698 630 1400
514 248 1989
9689 1815 2220
5518 486 1615
5609 2299 2320
4206 2015 2904
8158 188 2773
8793 976 2696
6559 1758 2775
9732 653 744
2701 1623 2651
9505 1513 1721
4562 34 710
3339 392 2182
6634 1478 1521
4145 13 837
5061 822 2516
5425 783 1160
9589 334 2557
4302 833 2282
5828 60 1488
6740 2601 2647
6455 498 2148
4978 568 1272
6597 88 1993
7505 154 334
6311 121 559
1669 1871 1911
9864 515 1752
1205 1270 1763
7361 1253 2181
4320 811 1807
2238 1434 2907
8406 1229 1722
8666 1123 1587
8246 220 718
7415 1034 1459
9026 687 2971
6983 2048 2340
9245 1304 1701
6413 1642 2165
1914 362 436
669 693 815
8164 1866 2460
5329 122 1110
1876 2277 2742
1994 2475 2811
6267 422 768
7553 794 1295
1900 321 1369
4286 312 448
4482 1559 1616
141 558 1308
3319 254 2842
8028 204 2398
1061 526 1385
8159 744 750
8817 915 1760
1145 2334 2368
8340 606 1061
4668 360 1225
6731 798 2802
4010 517 1680
3838 1419 2312
330 1194 2852
2765 396 1530
8553 75 314
117 809 2809
9212 851 981
6248 1167 2724
5485 1693 2736
6099 932 2561
4385 1372 1636
784 1206 2062
2189 1328 2029
5047 1555 1679
2506 266 839
1654 796 2424
269 23 893
7475 2672 2884
8857 584 1223
1785 550 717
3211 597 1164
1685 1819 1868
6348 273 2368
7556 1534 2068
5322 2591 2964
9055 548 1543
7105 402 1485
3360 771 1308
401 934 2698
1494 439 2012
5320 816 1107
1453 178 780
813 30 2866
3084 2684 2993
3848 730 2814
6825 105 2320
7136 377 1991
8065 2071 2787
1236 422 437
8774 959 1733
5453 1944 2823
588 427 1667
8421 671 2831
9493 918 2925
3700 615 1963
2676 347 1538
2794 2125 2810
9304 1757 2587
3530 2336 2345
9122 2067 2502
7654 335 1076
7660 233 2133
6305 1405 2105
8130 199 1254
8907 31 923
4594 2341 2923
6596 592 1845
7784 466 629
9601 676 1991
1003 1661 2998
6815 1221 2166
2555 1739 2813
8886 245 1206
458 865 969
8303 2373 2493
3915 69 2962
4269 776 2225
3833 1670 2880
122 1090 1438
7466 545 1813
3642 2464 2678
6420 1256 1964
3087 2113 2658
7634 137 2145
39 872 1543
2372 805 2749
1675 969 1339
1728 232 946
2247 428 2949
8818 99 1818
6074 285 2452
1864 2353 2836
3319 761 1995
7522 418 988
8243 1760 2033
1906 1640 2376
8775 1858 1916
4894 569 1087
5247 137 2455
3973 2301 2970
544 681 2891
7736 462 1405
5422 486 1033
9458 2439 2590
7049 413 2762
6713 327 850
1645 845 1158
1407 852 1776
1731 1456 2577
6498 1071 2253
7614 229 1608
2289 1015 1471
8718 1675 2173
5500 85 434
8132 2841 2989
7342 1474 2426
7658 160 513
2058 707 1314
3205 538 1481
3142 298 937
3688 2000 2607
1800 333 1043
8377 160 2842
3668 414 2030
6334 2879 2951
3407 847 1677
3696 129 390
9762 156 1676
6042 380 2376
9762 143 1743
3343 304 850
8447 1158 2221
2502 376 2863
2040 207 1951
95 762 1178
3200 815 1412
7908 678 2704
3976 1498 2809
9081 1465 2416
2096 827 2422
9420 518 1170
5273 250 614
7173 904 1509
9740 633 713
7514 58 224
3783 97 601
1908 1125 2083
2961 2567 2745
9944 549 2178
2933 790 1591
6505 404 1701
3594 861 2423
4127 2015 2603
2346 624 1500
3454 1494 1502
1209 1052 2114
2638 1484 1900
4862 1032 2057
3007 161 1615
572 1471 2996
8850 695 2821
8141 1452 1824
153 41 1347
2114 1874 2309
9331 1021 2754
922 776 2719
700 1672 2526
8896 574 1259
9266 1398 1409
3469 792 2386
6717 646 1720
6397 2675 2685
7722 2829 2978
4736 920 2501
6716 1046 2044
6970 1090 1781
5844 101 841
1359 2111 2439
9336 891 904
7275 1599 2632
4411 450 1025
3825 449 1366
3112 687 1924
6758 645 2873
9533 692 2515
237 793 2848
7391 1269 1681
7533 717 2182
9483 2246 2915
3181 1285 2266
9489 270 1995
9782 726 1738
6349 971 2005
5368 2813 2868
360 300 1654
7620 755 1422
1499 510 916
435 531 1229
129 1760 2771
9032 2748 2822
5886 177 2619
9425 1150 1562
3105 270 2183
7685 445 2489
8566 126 1085
7399 557 856
5902 93 2400
7133 631 1451
8868 430 436
4479 337 2933
5424 30 1149
5744 1008 1204
7957 423 1762
2224 1485 1913
7553 285 2505
1495 896 2575
5049 194 922
3699 2044 2380
636 974 2817
9622 49 2212
472 2355 2606
1171 666 2178
9807 591 959
9344 239 2839
925 1970 1985
7863 2522 2690
1706 2709 2807
2986 862 2959
2298 1847 2630
2420 457 2123
5188 602 785
9014 142 383
5773 2562 2989
3200 1309 2163
2091 1587 2131
9088 223 2457
2460 188 660
921 1859 2936
6123 296 2874
6430 1059 2169
3041 773 2501
2625 76 1561
9927 1736 2077
7955 759 1973
4455 2731 2927
3414 1683 1689
6940 560 978
7110 637 2236
6586 1031 1586
9863 2106 2265
3650 2539 2917
6211 1191 1444
6115 224 291
2225 697 2704
7622 420 1601
3088 117 1451
6022 1068 1384
3921 66 794
1563 231 1282
6014 870 2829
4175 1526 1597
119 1261 2444
6180 107 984
7097 2067 2447
7692 57 1169
3849 230 1594
2675 174 678
6846 599 1226
2079 1028 2921
3319 686 904
9942 135 1389
9536 1124 2437
5706 443 810
5055 944 1808
380 1030 2395
4907 20 884
7809 594 1596
1614 171 2669
1339 1975 2354
3441 565 2622
562 833 2997
1120 2223 2643
6087 1972 2004
2979 2476 2947
4486 8 644
9463 1720 2304
9018 639 2121
8030 280 2500
2059 794 869
478 143 1470
8896 2853 2867
1027 1223 1730
3208 2745 2904
5837 739 2574
2702 150 2830
7660 1350 1903
6601 930 2812
9166 1942 2674
8925 35 1997
4977 801 2324
1642 191 2351
5259 959 1438
7648 1139 2123
1241 1097 2673
7499 2377 2790
8668 1061 2155
9899 1114 2058
9758 1805 2443
3038 2170 2446
2405 932 1209
6060 1118 1371
4765 1326 1626
8839 1438 2384
1288 750 1156
7936 163 288
3373 951 1996
5225 296 2558
7853 443 2973
4565 6 2195
8173 981 2662
6218 241 1621
4438 1494 2951
1009 1135 1597
6849 2204 2843
552 1412 2118
7440 981 1151
1844 1194 2191
5247 2470 2667
5450 1391 2492
8555 842 2625
6378 498 2235
7659 398 739
7454 2759 2818
3497 757 859
6058 1012 1208
4811 909 1336
9833 1206 2047
9507 7 2202
4722 2402 2583
48 860 1224
1120 1629 2648
782 2342 2890
4079 61 1244
5032 1562 2083
7627 545 1156
2039 1802 2777
2137 756 1650
3555 363 402
1104 848 2848
8337 1318 2669
3303 262 1889
8033 14 1611
1099 2482 2976
8355 1103 2692
8504 408 1905
5024 393 1342
6351 311 1651
4603 558 576
875 18 172
3222 510 1050
7416 405 1695
1304 1749 2553
7951 1100 2123
1367 1886 1909
7534 861 982
6406 1076 2754
4610 1175 2598
7512 739 2445
7569 139 2020
8471 465 2008
4961 1609 2058
795 1578 2265
6431 1269 1562
6626 240 2430
9184 2382 2793
4801 210 2164
420 135 784
5619 730 1691
6437 284 2650
5076 2243 2402
7116 1124 2570
6672 169 2234
3836 303 701
4452 158 1707
1251 1775 2547
3200 922 1546
9910 294 2044
8366 244 2335
3580 1235 2770
4977 1332 2029
4841 681 2146
3713 729 1700
6399 319 1928
2537 2618 2969
1529 404 2436
3725 285 2216
1449 67 86
7579 141 440
7222 1033 1987
8258 2332 2652
7445 841 931
5557 169 276
6602 1589 1785
155 2424 2715
2990 755 897
1247 1691 2355
7540 1780 2339
8770 722 1657
5348 1231 2795
7886 2007 2848
5742 990 2662
5540 506 1781
5041 600 2290
6581 1106 1531
1734 192 528
9440 712 2347
8398 1727 2736
2917 781 2712
1117 942 1522
7660 192 2974
9662 1448 1850
6668 618 2842
2042 549 1123
5573 1417 1719
1535 332 710
1096 413 625
8723 1954 2983
6369 2028 2138
5814 2607 2707
6440 1131 2142
1594 142 2575
2152 196 1006
8142 769 2793
1338 912 2301
8940 1563 2807
8031 551 555
7577 601 2976
804 222 1268
1196 1693 2891
7876 1574 1911
549 2183 2580
1307 1146 1966
5215 1744 1751
9727 1827 2096
7219 2193 2620
1006 782 1645
2571 407 936
9920 1219 1406
4625 372 1044
3726 1116 2740
1176 937 2613
4089 170 422
3498 226 2812
3680 718 2475
5142 79 328
758 403 1112
9907 148 2961
9905 1286 1710
7804 971 1361
1210 732 1597
6150 417 1599
1356 2301 2592
8577 522 1003
5692 849 1696
5962 440 2474
637 1095 2076
9280 705 2595
4805 43 1857
6652 779 2949
2563 1631 2882
4251 1040 1602
4150 2381 2774
7472 1330 2541
7573 740 1078
764 386 483
1718 445 1057
5297 1889 2007
7733 27 2749
7588 404 1233
5494 269 2375
8877 1229 1407
5543 78 548
9266 456 898
2824 1304 2065
6838 276 591
2881 759 2972
5022 1227 2920
3847 438 1359
8929 455 2062
5317 122 2184
7051 462 1079
310 1590 1723
5284 2167 2496
3054 929 2288
4735 1937 2834
9203 1195 2726
2314 1845 2051
7735 239 1514
3453 32 457
8783 684 1122
6906 930 2307
7974 380 1253
3143 892 1189
8931 359 2618
3002 616 1454
9720 1421 2750
7658 234 1019
1624 414 991
5132 284 1979
4960 2309 2546
3215 1069 1463
2290 79 626
7509 333 580
9418 1632 2983
8931 1067 2893
7720 1021 2672
3933 122 819
9362 6 460
4978 1071 2310
3326 2466 2579
8533 11 479
8291 1220 2699
1268 259 2685
8065 326 1643
3602 1240 2165
9395 758 1914
9269 1160 1349
5082 900 2570
4903 1144 1265
1306 619 1620
9040 411 2621
8728 95 2011
8329 1803 2523
9158 1608 2357
5019 732 1481
8347 1343 2795
2812 948 2147
1233 1572 2029
8570 490 1201
6460 1978 2453
2601 735 2962
527 2686 2983
6012 1660 2388
566 1935 2029
1115 274 2315
2067 1768 2826
6194 1069 1102
680 1026 2968
517 944 2129
1136 591 2539
9730 1684 2199
5899 1512 2147
266 42 1919
3196 1914 1925
142 585 1411
9332 1041 1535
2464 2584 2908
8040 42 1199
5973 762 1068
9568 1 624
4482 1918 1996
2182 196 387
9714 1699 1902
2450 487 654
3304 562 1348
7133 1036 1374
5962 196 2972
2027 668 2440
2923 82 753
5706 1239 2490
6524 1887 2804
3286 1074 1633
6847 706 2613
965 1473 1957
1549 2002 2072
7049 1382 1675
5825 358 2244
5145 2424 2873
2987 295 937
7607 912 1646
7521 112 2721
5707 449 1764
7972 781 1654
4374 610 1318
5258 151 2452
3917 1782 2190
4116 219 992
8782 1033 1383
7810 1847 2991
5593 169 1399
9830 1546 2674
6559 931 2400
6231 864 2351
8463 1707 2771
4371 289 852
4475 683 2543
4202 541 1511
9296 146 1611
7885 878 2290
4878 2361 2684
6681 1070 2871
1916 1011 1687
9526 1268 1989
8987 996 2334
3017 1560 1807
2523 400 2781
8359 484 707
3124 480 1714
8895 885 1243
1143 13 949
2178 1178 2341
9887 96 1554
9355 604 2098
6268 584 2681
8188 2202 2517
8692 1680 2855
1771 593 1664
4108 1303 2545
262 1689 2032
931 427 810
4274 1495 1721
5504 453 2756
7743 2147 2305
1343 611 664
6290 1552 2356
9874 776 2305
4312 154 2438
3933 442 1562
234 271 2055
8147 1980 2599
4864 264 1796
5871 2413 2506
1347 126 333
622 87 1576
1597 569 1612
9523 668 2852
374 181 1658
2585 2057 2603
4442 77 2331
6289 502 1335
3126 1256 2547
4956 1667 2440
6183 1393 2314
1537 292 2716
2391 927 2008
691 1653 1866
3582 1613 2819
4854 611 1940
908 464 533
3470 1651 2054
4976 187 2919
1508 426 2372
8870 373 1454
4384 1335 1425
2931 1757 1787
6112 1502 2600
1984 13 1259
3573 588 1305
6718 2687 2726
4883 296 2766
7192 1279 2222
3046 1940 2878
9696 2144 2349
8325 2532 2867
883 678 2696
5813 742 1001
3820 2147 2396
7471 818 2761
4499 1727 2311
5464 957 1285
649 1892 2282
2481 625 2344
759 2368 2461
699 1907 1962
2251 280 426
1382 815 2554
927 853 2678
7246 1063 2559
173 2134 2826
7402 544 1652
5917 1429 2752
9498 1103 1142
4014 1910 2020
4857 942 1081
1449 1995 2730
3408 96 2310
1097 2597 2987
7721 323 576
9189 669 1202
9564 407 2064
1846 775 1507
5052 337 1171
4798 573 1711
1899 744 2796
8099 1207 1284
5402 225 379
9758 883 1749
8948 1551 1873
4673 709 1963
626 585 2796
8057 112 1093
645 441 1338
7960 312 1675
9269 381 2091
1671 1578 2784
3644 313 2305
7026 1036 1775
4986 483 1293
9740 615 2936
2553 1523 2568
5187 1804 2107
4792 1656 1678
8155 197 2035
3790 511 2053
3447 1240 2711
6120 1505 2815
9543 988 2297
6108 23 1307
790 1538 2238
5946 1774 2679
3791 79 1068
3086 1548 2354
6732 1107 2292
4053 2949 2987
6174 192 1931
3087 1723 2358
9622 659 2396
4064 2298 2436
421 2183 2977
6406 687 2169
1818 655 938
9622 726 1533
3086 280 1003
954 1676 2003
5589 1027 2956
1778 283 1800
1421 1371 1533
1767 140 2466
8199 1729 2728
9152 405 2457
9472 114 2779
6245 883 1444
39 1070 1699
3511 141 2731
4607 292 1219
2766 1450 2862
6054 663 2833
5796 1220 1287
4743 957 2254
6597 1121 1817
9702 529 1927
3991 1071 2753
1614 380 2032
9208 282 985
888 60 2262
8206 1338 2509
8125 172 1617
7499 330 2057
2321 777 1567
1354 1372 2424
9266 976 1201
603 872 1293
6549 1174 1733
5412 1449 1617
8645 323 2771
3250 86 2263
1557 279 455
6419 1701 2402
5727 1526 2679
8658 1138 1208
5215 790 1409
4370 157 2828
6616 1135 1583
4736 875 1134
309 2304 2618
858 732 2372
3610 1047 1398
6855 25 876
2775 1006 2449
5418 179 2904
2624 1065 2466
9861 5 556
6603 997 1564
775 464 905
5634 1068 2706
7391 998 1457
2111 816 1596
8377 824 2467
8750 282 833
328 268 667
52 1379 1692
4704 2663 2813
6923 271 1216
6038 449 1078
3850 2817 2983
4436 599 1909
8751 285 2840
8793 417 1918
2414 192 2327
8308 1688 2245
9035 704 2105
4674 345 1316
9958 680 1890
2439 680 2473
4824 690 2135
3073 2612 2803
9266 1891 2550
3134 965 2679
3051 1394 1830
4294 667 2215
7336 2616 2710
6827 470 2299
7363 1326 1359
1448 1354 2804
4719 346 2402
7397 1312 1661
6029 128 1382
8670 277 1231
760 1242 2881
3446 861 2352
6311 1058 1206
735 1347 2751
5858 1744 1935
8680 1248 2010
3197 776 2458
7381 115 212
4896 1775 2431
6189 510 1669
5194 589 1318
9254 725 2344
6531 1618 2777
4192 12 2636
1741 202 690
9987 1703 2389
862 1962 2000
3677 199 874
9900 1486 2585
8643 485 840
1380 2264 2317
8802 1377 1973
846 735 2939
1075 2368 2395
2005 93 1009
284 1636 2118
2019 436 2998
8067 2527 2748
9228 855 2865
1971 381 2805
723 387 595
3473 253 2970
6276 626 1870
7854 1868 2337
8371 276 1678
2076 1719 1731
857 702 2162
2529 609 1103
3136 261 1944
32 733 1116
674 24 1916
7241 1051 1730
2980 826 1390
1497 65 1789
7513 1204 2255
6442 279 976
4601 1263 1880
8989 392 965
1519 1599 2336
2764 966 1121
9764 117 2606
2874 186 1815
6145 206 2482
9531 962 1700
4625 56 366
648 1925 2034
7940 480 513
1237 1210 1661
34 1070 2957
9006 1076 2443
7047 1840 2867
8193 17 2472
1109 171 178
3124 1208 1765
685 1164 1545
448 159 2302
2683 2170 2909
6052 1555 1772
2405 724 1531
8938 630 1732
6806 673 1212
6360 837 2748
6266 2195 2482
6586 136 2838
5025 2253 2807
920 987 2701
7447 1038 2220
7460 1392 1938
6267 2880 2971
2216 975 2016
8637 852 1664
1895 442 2332
5391 1596 1645
349 609 2228
8918 1808 2695
7594 720 790
8268 115 1282
1580 2582 2961
4645 2177 2799
6403 130 294
4651 1098 2861
2637 445 2948
9974 305 341
7795 510 1970
249 2016 2792
8863 655 1917
7108 618 2572
8826 593 1130
9872 2701 2860
9970 978 2599
3934 1557 1665
8408 672 2839
1721 170 1430
7771 474 2561
4884 1299 1346
7901 484 2513
6152 489 2299
4860 1718 2223
7921 153 1328
6574 1132 1530
8815 1263 2135
7419 2038 2937
5435 827 1516
2111 2070 2879
3326 1821 2494
7619 2232 2289
544 2582 2619
6612 2872 2919
6418 467 1853
2054 98 2434
6770 1302 2191
966 1 848
735 505 2860
8334 852 1775
8075 164 1391
6498 1627 2250
8470 268 2213
9680 1804 2257
9452 859 2416
4018 84 1315
9412 262 2183
4445 137 831
3751 760 2933
6855 492 2668
361 217 680
915 147 299
15 1539 1985
2396 428 1310
9254 166 2544
5147 692 2551
2842 80 1209
2628 1000 2826
9845 207 2311
7287 568 855
4784 918 2385
7227 2499 2633
5263 2664 2987
9771 70 1704
5323 1600 1936
9603 1743 2915
3144 2234 2723
2374 216 290
4562 64 2242
7423 1237 2204
6828 361 1996
5316 2500 2873
5919 333 2542
6037 161 1634
2049 2401 2832
4267 1190 2577
821 795 1839
8235 215 1908
9442 50 2368
5936 1497 2718
762 169 1298
5757 456 583
3201 1147 2009
1214 2276 2619
847 71 1753
2369 763 2499
9884 839 2658
5616 1939 2508
8564 199 2141
7602 1935 2832
3781 2135 2609
4079 1513 2371
7745 1605 2650
2821 982 1942
4583 475 2527
2063 231 2339
4343 2444 2879
7469 176 476
9836 1279 1507
3808 1600 1879
6750 1118 1498
7928 331 1779
1413 397 2677
6042 1739 2137
9098 746 2442
3805 67 1313
1469 1330 1520
4394 757 1089
9520 251 831
2953 564 1891
4155 1811 2197
5322 858 1849
5105 780 2976
7699 942 1236
5557 1568 1884
530 2094 2549
9721 2119 2677
3423 61 2577
4677 386 1057
5488 628 2498
9550 786 2711
8768 145 1856
1157 1738 2082
4691 2234 2962
1676 135 1927
1767 442 1324
3047 729 1828
4511 586 2387
8886 2416 2561
86 874 1013
8967 1006 2234
9423 609 2404
362 1352 2736
285 769 2451
9163 911 1571
4487 1591 2109
233 1321 2527
9997 2188 2943
3434 1617 2228
4 1431 2522
7127 873 1450
3109 1707 2738
7690 2627 2787
9682 736 2303
4526 1720 2048
887 432 875
9807 829 838
4967 711 1544
8569 1899 2255
5333 2692 2899
6490 189 269
6332 166 1724
6561 109 2663
5353 928 1535
7039 751 1357
3432 1336 2841
8289 901 1201
7363 188 1161
7834 281 2544
7445 826 1967
6718 1725 1970
9310 420 812
9698 434 1844
5767 286 2134
5310 1235 2989
9894 808 1065
4377 561 2467
6757 425 1350
1057 419 2100
9948 834 2379
5107 502 2871
1233 279 1402
7520 175 2790
7135 1466 1632
539 2278 2453
6148 1010 2309
5624 1652 2643
1736 1088 2715
2284 1503 1891
5785 1083 1096
3370 255 541
2364 319 2325
1415 1374 1766
5756 2200 2210
9176 606 2045
8391 87 1309
8460 971 2593
2725 332 1745
7961 241 2992
9954 1706 2119
4969 147 1224
8750 313 1607
9373 1350 1810
8696 1630 2998
2561 732 1889
2925 1377 1770
4492 628 2673
4161 1076 1994
3671 544 1410
4975 1123 1198
8215 2124 2126
6827 368 2006
1941 1320 2147
8190 592 1726
6672 811 2205
1486 1787 1872
1319 571 2126
4300 1611 1892
2772 67 186
3822 1061 1252
3293 506 1089
6651 1156 2254
5182 341 1756
7040 231 2847
6073 330 1737
3418 1160 1814
9777 36 2804
299 2086 2382
8849 1164 1411
3148 699 2699
9000 1301 2131
8768 895 2781
6696 1761 2910
5479 448 1326
6540 337 2763
9004 2060 2104
616 1076 2092
768 1176 1606
4376 397 2055
578 150 1707
4905 484 908
3225 976 2756
2865 2306 2948
6654 954 1837
2087 2602 2717
5804 843 1726
4994 144 2951
5699 225 2056
5578 383 1887
1189 221 2484
8597 1055 1219
8569 1080 1803
8808 416 1626
7699 310 1956
4107 2365 2957
1599 1754 1950
8435 1391 1640
8973 250 2038
7552 721 2815
5193 132 2693
8204 790 2726
5334 935 2190
6711 206 2171
7416 1059 1354
3176 27 692
1928 560 2726
963 650 2985
1157 836 2325
7864 1696 2337
9383 2684 2716
6313 98 1639
7241 1532 2534
818 927 2741
3758 470 2616
7742 336 1585
9900 1197 1521
2343 1065 2261
9256 413 2644
7429 386 558
