150 150 150
142 117 68 78 88 137 70 48 106 83 61 88 87 30 74 89 105 114 37 56 125 35 134 44 110 102 128 121 132 47 83 114 26 48 147 11 74 99 44 64 21 11 34 108 102 22 7 65 26 66 122 131 90 4 17 30 146 145 146 6 17 60 11 28 22 96 73 16 45 142 94 146 109 11 90 129 92 87 63 148 37 25 31 23 82 141 145 84 58 64 10 84 84 114 117 30 63 9 45 114 102 70 125 135 10 44 111 123 28 124 65 150 127 27 139 78 9 88 94 30 96 145 21 53 140 141 118 111 28 150 38 61 88 54 53 112 62 64 65 18 104 86 125 31 66 64 130 101 70 122 
145 150 145 59 63 108 114 75 113 15 89 51 122 28 101 122 30 3 106 128 97 15 22 58 98 17 51 49 104 6 102 58 1 31 125 17 93 15 1 94 48 114 69 49 31 115 35 8 55 29 87 61 86 26 105 40 49 70 139 145 124 82 129 73 52 87 67 119 124 133 62 109 141 23 58 53 52 31 77 37 59 112 48 33 126 50 148 55 92 95 65 75 131 59 128 54 87 60 43 2 16 6 88 34 45 3 25 146 81 64 49 54 52 91 35 42 31 18 25 24 99 2 12 100 80 142 72 51 83 123 29 98 4 150 10 133 140 109 73 148 113 116 19 10 120 125 32 72 81 100 
42 137 82
106 140 44
26 29 129
70 88 115
32 89 113
20 84 2
26 123 37
10 41 58
66 114 100
30 81 44
7 127 120
58 116 102
45 134 55
76 143 113
74 140 117
64 81 140
47 79 23
59 130 20
76 137 79
77 109 14
16 95 40
117 119 59
27 141 14
57 64 75
3 100 23
66 149 78
42 57 149
84 117 31
82 136 65
44 146 14
50 96 49
13 28 9
8 39 116
22 88 70
43 74 108
5 70 150
17 45 75
17 111 55
95 107 72
30 139 97
122 137 116
85 128 94
23 141 114
118 146 16
7 134 108
33 65 92
32 53 39
69 80 149
114 130 86
3 41 32
3 21 24
69 75 91
28 83 106
11 85 134
75 110 136
125 145 28
107 116 6
14 123 48
129 144 58
79 131 79
63 101 85
66 128 80
46 113 103
56 137 134
54 125 58
44 121 22
31 118 139
111 144 85
105 142 118
41 108 62
71 78 140
7 109 74
7 113 48
27 61 126
113 136 147
7 91 15
43 129 100
117 145 67
7 89 60
1 141 27
37 62 80
22 134 136
33 60 79
52 85 36
14 38 83
61 133 131
23 71 16
36 44 78
5 35 27
13 115 20
52 68 25
25 54 26
75 126 2
12 141 66
62 134 31
67 70 138
90 131 89
16 146 85
46 150 84
18 144 86
26 35 109
31 99 119
24 49 108
70 107 126
99 126 59
26 30 146
14 29 74
13 101 8
26 126 21
32 33 12
76 119 80
21 109 127
37 134 141
1 88 54
76 121 108
87 138 107
93 120 107
102 116 121
68 143 68
19 58 98
37 61 22
33 118 38
14 17 24
1 30 76
28 45 72
60 85 35
25 124 125
59 80 78
8 22 26
54 101 85
1 132 128
27 67 30
34 123 53
109 140 120
28 31 83
96 98 51
15 89 101
112 141 57
85 115 104
61 139 110
21 33 108
78 109 78
102 131 138
134 137 35
52 127 127
1 55 68
68 137 41
63 112 78
124 130 3
71 143 14
