150 1 150
108 139 2 100 43 24 124 93 144 98 114 115 14 122 103 147 135 119 26 34 118 44 59 133 137 143 41 108 124 45 79 3 121 79 87 147 90 68 11 14 65 62 139 67 100 135 17 11 142 110 85 25 120 100 70 137 81 17 88 64 117 60 43 5 92 53 90 23 77 124 24 90 40 31 92 39 91 55 78 130 108 145 67 112 104 8 84 13 30 73 46 85 148 140 59 66 38 115 49 35 83 105 8 50 87 8 29 135 110 32 113 72 47 115 41 137 61 7 33 72 18 80 91 50 120 94 29 19 88 103 82 101 62 85 119 110 127 61 113 61 71 44 92 89 130 91 148 19 98 132 
40 
94 96 150
121 124 84
117 119 48
37 40 8
79 79 113
48 50 2
56 57 98
131 133 139
46 48 29
37 38 24
30 32 105
48 50 32
119 122 82
135 136 55
69 70 120
19 21 115
27 30 1
15 17 58
142 143 82
57 60 71
53 53 87
30 34 25
104 104 15
137 140 114
115 116 95
32 36 44
117 117 17
142 146 145
67 70 76
16 17 140
21 21 102
92 94 81
85 89 25
18 20 133
146 147 88
4 8 130
35 37 61
124 127 79
58 60 42
130 131 122
72 76 39
100 103 96
117 119 17
147 149 42
42 42 4
35 39 113
35 39 134
69 73 122
24 26 139
117 117 74
132 134 17
7 10 90
141 143 57
13 17 88
55 59 94
72 72 105
139 140 51
10 12 66
57 61 122
39 39 12
13 14 80
59 62 24
75 79 136
51 52 146
113 116 47
98 101 12
92 95 79
143 144 53
118 121 69
45 47 72
55 58 78
38 41 62
84 88 104
9 11 60
96 97 3
78 81 64
71 75 17
94 97 128
121 124 42
139 141 93
10 14 117
11 15 12
27 29 139
3 3 36
50 52 97
84 85 111
71 74 94
137 141 123
107 109 22
144 147 142
57 57 119
33 37 148
10 12 17
78 79 63
89 92 67
84 88 32
84 88 29
48 52 149
4 8 77
90 90 20
138 140 83
77 78 144
139 143 26
146 148 56
4 6 30
18 21 123
135 137 23
35 35 88
32 36 40
61 65 93
50 53 6
59 60 96
52 55 9
50 52 119
110 114 15
69 71 101
133 136 135
91 92 34
132 134 14
16 20 130
64 68 123
148 150 144
52 54 98
90 90 16
112 114 74
132 133 59
14 18 139
99 101 117
4 8 109
95 96 112
146 147 103
33 35 60
108 109 83
7 8 100
39 42 138
127 128 47
17 18 146
131 132 140
35 38 126
50 50 6
78 82 32
149 150 70
33 33 125
114 118 122
129 133 99
63 63 119
12 14 7
15 18 17
33 35 143
58 59 7
