150 5 150
92 60 32 41 76 30 137 66 125 107 103 12 107 32 80 44 95 110 86 17 43 11 38 18 150 3 109 12 106 49 138 139 106 138 119 91 20 145 20 44 53 127 122 137 49 8 104 129 122 60 3 143 49 147 14 81 74 54 107 124 105 121 116 84 51 24 38 47 102 10 84 83 50 42 90 98 98 23 21 55 132 14 96 21 107 6 55 148 24 31 79 138 25 48 94 55 147 25 125 123 103 73 30 112 108 147 64 88 18 101 76 36 101 137 108 36 72 50 5 38 131 4 1 49 121 26 101 69 139 25 110 87 135 137 62 83 65 91 118 5 106 16 23 44 72 27 45 85 91 9 
128 95 32 10 95 
6 22 86
69 106 103
33 81 100
28 133 13
69 99 45
87 126 99
8 93 17
46 56 125
42 114 28
52 141 13
9 34 47
9 98 29
31 81 132
26 65 42
15 114 146
44 56 137
47 140 91
43 46 54
28 105 34
87 146 53
66 147 86
43 149 92
67 85 71
14 78 124
80 97 64
93 119 53
51 51 146
19 56 70
34 84 114
15 148 19
25 147 35
63 81 23
32 55 70
105 137 86
31 45 111
10 82 90
88 134 95
47 100 98
41 104 53
55 85 44
6 28 136
90 113 26
54 104 46
73 135 119
106 118 141
11 50 142
36 99 112
45 122 112
6 84 62
1 43 101
61 82 135
31 133 13
60 144 66
52 56 61
41 124 2
65 121 78
54 144 57
15 66 82
50 142 53
41 114 150
58 149 96
18 110 16
15 109 41
92 95 75
79 89 140
72 134 141
26 67 128
95 134 135
88 90 45
16 25 47
42 124 87
63 88 88
4 104 136
61 113 38
10 76 46
46 101 12
113 149 11
17 78 108
74 82 112
27 55 141
116 134 71
18 62 139
77 83 80
46 149 138
18 140 150
90 135 55
52 106 47
31 138 99
94 147 132
13 24 99
28 62 150
30 126 35
8 147 54
30 133 68
35 139 134
75 148 41
94 125 20
41 131 27
65 147 52
21 42 121
102 106 1
44 52 41
14 38 103
11 98 116
24 114 50
17 50 49
91 129 45
24 40 9
19 81 135
131 134 93
24 57 28
91 115 133
82 147 41
3 18 113
9 74 72
59 114 76
48 98 52
15 92 8
44 140 58
21 137 62
48 91 45
106 132 148
1 83 97
11 93 63
65 111 56
93 145 118
105 117 74
89 113 108
3 98 10
33 94 105
23 110 65
82 128 126
29 32 66
28 52 138
84 93 143
86 107 113
32 86 139
59 99 43
25 52 73
82 100 43
23 112 122
10 43 88
65 130 5
25 123 138
53 101 10
56 119 99
48 130 121
1 36 43
54 90 26
80 129 34
