150 150 150
79 39 82 52 131 61 77 29 60 19 99 70 127 140 86 44 124 12 64 150 109 90 94 140 67 26 10 81 134 101 48 70 34 59 96 102 92 117 8 62 84 101 51 2 24 58 38 127 79 106 114 106 1 119 79 67 17 40 90 69 29 100 125 32 138 142 141 69 106 25 91 121 32 146 51 60 99 116 9 91 67 65 134 86 133 22 41 19 117 62 105 94 25 50 46 109 48 82 84 15 33 77 13 144 146 127 27 138 15 75 110 79 126 48 21 130 123 22 43 57 45 125 24 89 47 34 131 41 144 72 17 109 80 44 70 106 22 101 15 39 72 131 61 144 104 22 81 118 44 50 
63 92 37 59 33 101 22 61 71 150 117 48 57 107 72 98 140 1 75 64 16 102 50 125 61 49 93 113 41 114 93 77 61 94 111 88 133 108 110 46 91 118 78 30 64 150 119 144 39 38 63 13 71 149 94 110 134 118 66 139 43 39 124 124 81 114 75 32 128 81 143 33 54 44 115 48 116 97 39 133 109 61 45 93 27 8 13 77 46 22 81 140 48 149 32 102 2 68 138 31 35 134 89 129 92 53 127 54 55 83 126 75 139 70 99 86 140 55 87 13 74 149 66 24 35 108 61 45 74 77 19 8 119 115 137 114 117 40 139 91 75 13 38 116 98 25 57 106 95 81 
66 66 53
19 19 37
44 44 106
20 20 127
150 150 136
118 118 69
110 110 140
6 6 53
129 129 86
140 140 47
109 109 70
18 18 53
116 116 121
93 93 142
10 10 58
23 23 138
105 105 27
123 123 113
72 72 40
105 105 139
21 21 128
110 110 54
95 95 141
48 48 124
72 72 30
97 97 95
58 58 95
126 126 129
145 145 11
125 125 55
56 56 26
58 58 116
91 91 68
140 140 69
130 130 67
62 62 103
27 27 69
105 105 31
15 15 52
89 89 17
17 17 98
21 21 133
127 127 125
108 108 68
39 39 21
148 148 44
41 41 89
104 104 99
50 50 115
140 140 147
7 7 80
34 34 112
15 15 69
79 79 52
150 150 88
9 9 84
12 12 40
84 84 91
147 147 63
111 111 146
138 138 25
30 30 120
117 117 104
35 35 84
142 142 13
127 127 54
50 50 105
81 81 117
86 86 43
61 61 114
32 32 135
119 119 148
60 60 71
40 40 88
79 79 150
41 41 32
1 1 9
128 128 64
123 123 91
62 62 113
21 21 97
10 10 70
136 136 10
68 68 12
62 62 67
132 132 148
67 67 102
76 76 4
146 146 73
143 143 131
77 77 107
63 63 148
142 142 114
66 66 137
57 57 9
19 19 119
66 66 75
34 34 114
70 70 27
89 89 65
136 136 110
57 57 72
7 7 95
95 95 118
101 101 127
99 99 65
9 9 94
77 77 145
107 107 114
2 2 93
113 113 44
35 35 146
63 63 123
139 139 108
150 150 148
31 31 39
96 96 4
104 104 16
27 27 21
10 10 122
107 107 30
139 139 24
32 32 118
75 75 54
134 134 13
39 39 113
12 12 3
5 5 58
2 2 16
100 100 126
72 72 87
35 35 57
17 17 110
48 48 91
61 61 104
96 96 110
112 112 107
107 107 79
13 13 78
77 77 37
65 65 60
84 84 142
19 19 85
90 90 139
100 100 79
10 10 57
23 23 3
106 106 96
31 31 118
21 21 89
