150 150 150
104 9 141 133 72 79 51 83 111 48 93 71 81 116 128 53 96 48 46 118 65 128 78 89 9 70 66 121 4 137 5 127 83 27 94 138 81 127 54 17 36 84 110 82 45 31 91 93 13 43 59 118 79 36 139 91 93 83 43 93 27 7 100 132 34 86 91 35 63 91 73 114 90 63 134 70 100 118 60 103 106 150 16 76 129 148 45 34 86 17 102 80 123 121 26 78 95 108 22 49 139 42 113 138 86 89 144 47 18 146 49 53 52 127 136 13 58 128 56 65 7 89 36 83 80 100 4 58 36 138 8 129 75 92 130 146 88 99 10 64 25 130 62 45 139 73 53 37 43 72 
126 33 18 60 130 63 100 101 47 8 76 64 57 91 15 4 57 65 72 61 52 86 82 7 137 25 26 100 65 14 121 37 82 51 149 66 33 125 5 97 141 62 26 97 94 66 21 122 144 7 43 39 16 149 107 60 70 54 2 92 76 91 51 2 111 24 146 4 107 34 133 150 127 75 114 98 116 67 38 54 17 63 11 112 126 67 86 12 89 10 91 127 58 85 14 1 39 62 45 132 20 35 38 100 8 96 13 137 14 121 62 42 62 145 3 144 24 119 70 112 127 97 146 35 117 12 125 108 14 78 23 67 110 54 60 53 78 1 126 12 118 72 142 140 52 145 60 149 101 137 
21 21 109
53 55 86
2 3 100
107 110 90
81 83 108
121 122 66
27 28 66
38 41 136
143 144 78
127 131 123
17 18 53
124 125 48
87 90 61
74 75 136
58 62 26
22 25 137
12 15 143
140 144 141
81 84 69
4 4 74
119 120 58
69 71 9
2 5 71
30 33 114
134 138 110
74 76 60
61 62 19
53 56 125
78 79 130
141 144 147
56 59 62
53 57 14
12 16 41
102 105 116
31 35 67
85 85 117
39 40 40
4 5 47
107 109 111
13 15 31
100 103 32
89 89 126
28 29 49
92 92 109
67 70 3
59 60 5
65 67 46
10 11 133
97 98 74
55 59 135
36 38 132
107 110 145
38 38 132
12 15 129
46 47 111
112 116 13
95 96 134
126 129 77
21 24 105
26 29 127
31 33 68
139 140 71
117 121 36
74 77 112
120 122 130
70 74 65
102 106 99
28 29 76
88 92 13
62 62 116
93 95 121
31 32 70
101 104 105
75 78 1
80 83 123
114 117 72
129 132 17
141 143 30
104 106 13
44 48 44
78 79 115
35 37 130
53 56 68
23 27 67
91 93 24
150 150 78
134 135 79
140 142 45
105 106 40
23 25 49
79 81 18
28 31 36
22 24 116
42 45 3
144 147 34
2 4 97
59 63 83
143 144 64
87 87 110
144 148 123
18 22 109
137 139 145
66 68 67
125 125 112
127 129 71
105 105 86
117 119 73
20 21 128
14 16 67
120 124 118
6 10 145
51 55 64
138 142 149
140 144 130
25 26 42
44 46 23
61 62 3
89 93 31
41 44 102
99 103 53
126 129 81
57 58 140
144 144 138
60 63 8
140 141 64
137 141 135
27 28 104
61 61 47
26 26 146
106 108 73
149 150 60
133 134 136
99 102 146
56 57 121
140 140 104
4 4 22
70 72 121
79 79 101
116 119 29
87 88 140
143 143 23
111 113 35
53 55 132
58 60 103
55 59 126
105 107 94
124 126 6
84 87 146
69 72 39
138 142 55
