150 5 150
124 67 36 109 40 94 136 130 141 131 13 106 3 148 124 90 113 111 129 81 127 24 129 11 132 83 119 41 49 140 131 131 128 13 106 2 28 114 92 87 128 60 84 87 29 123 116 144 139 93 1 56 98 76 35 2 59 52 27 34 45 87 113 111 103 116 48 27 4 134 60 112 63 30 44 68 73 57 144 112 28 18 59 89 9 87 76 118 33 129 47 49 87 1 148 19 9 94 78 35 19 146 146 38 28 51 85 82 102 16 71 83 133 19 2 134 54 94 93 106 69 93 144 44 49 26 44 35 63 17 137 109 35 93 103 90 90 84 143 45 78 93 117 114 126 62 70 118 36 149 
90 140 16 116 49 
24 25 18
134 136 63
75 75 47
106 110 13
69 72 63
31 33 23
17 21 20
26 28 85
63 66 109
108 112 41
5 9 49
97 98 67
106 110 135
119 123 94
50 53 41
39 43 106
124 127 22
97 100 69
2 6 70
84 85 134
80 83 95
39 43 53
85 86 25
86 89 71
70 72 72
101 105 130
31 32 21
3 5 79
144 145 86
136 139 115
145 145 148
88 91 5
55 58 8
67 70 90
139 141 92
31 35 21
23 26 128
81 83 109
133 137 80
102 105 116
31 35 45
4 8 92
129 130 39
122 124 8
59 63 61
53 54 137
98 101 145
142 144 119
144 144 145
74 77 139
92 95 106
71 75 33
44 46 110
145 146 1
47 49 93
64 68 131
61 65 12
19 23 116
124 125 128
5 8 30
29 30 135
57 60 148
12 16 26
120 122 65
97 101 6
16 16 42
6 9 141
49 51 39
12 13 145
140 141 57
138 139 72
141 145 131
144 148 113
63 63 45
31 35 81
16 19 100
15 17 78
37 38 34
61 62 105
91 94 27
41 44 118
5 8 96
123 127 8
127 131 75
120 121 113
137 141 5
112 116 80
21 23 99
79 79 29
130 133 40
51 52 38
135 139 1
28 29 27
125 126 142
46 47 140
103 104 13
8 11 68
108 112 2
53 56 36
22 22 68
1 5 20
144 147 3
113 114 122
57 58 50
43 46 87
110 111 103
130 133 62
68 71 75
20 23 31
50 53 110
5 7 120
83 84 84
29 29 53
103 103 79
36 38 32
50 53 101
146 148 56
88 90 115
73 76 79
131 133 35
53 53 86
28 28 37
83 87 47
11 13 92
124 128 82
141 143 125
35 39 109
60 61 32
20 21 36
23 27 125
72 73 105
2 6 150
103 106 12
107 108 11
139 142 21
94 94 102
42 45 45
37 41 47
82 83 138
23 25 10
53 56 8
8 10 147
11 15 2
144 148 90
131 135 1
141 143 53
125 125 4
37 37 79
51 51 58
13 16 106
