150 1 150
137 96 26 104 60 6 125 46 72 129 45 107 66 94 55 43 126 77 35 70 47 106 48 125 66 15 29 146 148 29 126 90 78 145 100 36 143 21 92 35 48 34 2 60 22 37 41 66 71 4 29 82 73 100 75 88 46 91 104 98 148 111 17 66 28 90 131 32 40 132 136 133 2 77 31 11 132 57 143 110 44 111 121 145 50 118 72 95 129 24 44 61 115 108 115 127 114 147 87 80 57 16 51 144 99 18 118 96 120 4 84 54 66 42 29 34 56 114 69 117 145 100 45 114 104 22 89 27 39 137 116 39 146 6 62 144 146 7 65 54 48 66 25 4 141 14 59 97 93 80 
106 
26 122 106
105 119 116
29 118 81
30 49 141
30 120 116
57 103 135
69 70 142
66 146 109
13 136 87
67 125 31
56 116 97
129 146 39
30 88 75
117 132 113
17 81 119
19 55 27
41 102 139
69 72 24
108 126 10
31 82 37
27 48 93
64 80 128
63 88 65
22 27 14
30 120 56
26 87 49
127 128 4
50 143 9
39 56 109
1 104 76
26 114 93
48 76 132
30 33 87
39 114 35
24 38 145
1 39 71
79 126 106
47 81 54
6 84 115
39 121 66
1 46 25
17 115 80
95 143 30
83 132 84
96 110 30
74 76 100
31 74 25
24 39 116
88 136 117
50 146 43
103 118 122
128 144 112
54 98 136
26 142 67
7 47 116
50 114 100
127 132 13
78 85 144
91 132 7
43 105 81
49 52 31
15 79 143
7 39 107
62 63 79
89 112 104
80 81 4
104 129 130
35 122 119
10 134 60
78 101 71
8 65 85
37 136 64
40 107 56
103 141 37
98 139 35
5 34 45
1 136 36
34 65 3
135 150 55
34 83 14
68 75 143
13 116 149
2 85 47
2 61 77
95 113 142
35 139 137
48 111 35
43 145 41
41 100 56
4 45 84
18 115 87
20 105 56
74 97 47
73 112 80
58 110 115
51 131 55
70 84 23
28 116 94
30 43 85
36 38 62
13 17 44
15 90 150
52 99 131
101 144 123
25 93 100
9 111 111
20 78 140
104 146 26
45 111 9
21 49 31
29 136 11
51 138 85
20 105 34
11 66 14
32 90 127
4 129 107
117 122 67
8 104 16
51 54 85
46 90 7
62 70 93
64 120 38
31 134 14
16 93 97
46 113 96
16 135 141
22 34 5
94 112 138
47 74 73
77 113 128
76 94 3
59 138 50
32 133 52
89 129 96
25 72 86
60 99 26
1 10 143
28 64 144
1 129 22
17 87 47
75 141 66
60 125 9
17 83 1
85 104 30
97 106 112
89 101 17
60 150 81
80 133 95
49 65 58
81 128 30
