5000 5000 2000000
4 1
16 1
41 1
60 1
86 1
93 1
125 1
126 1
184 1
249 1
260 1
308 1
311 1
322 1
424 1
427 1
451 1
477 1
523 1
629 1
660 1
680 1
694 1
724 1
731 1
741 1
742 1
743 1
744 1
768 1
798 1
822 1
872 1
874 1
897 1
904 1
950 1
971 1
973 1
982 1
1013 1
1024 1
1047 1
1063 1
1080 1
1121 1
1129 1
1136 1
1206 1
1228 1
1241 1
1245 1
1246 1
1247 1
1258 1
1274 1
1284 1
1298 1
1302 1
1306 2
1322 1
1333 1
1338 1
1370 1
1396 1
1401 1
1407 1
1415 638
1416 724
1417 480
1418 422
1419 1383
1420 864
1421 413
1422 290
1423 267
1424 372
1425 199
1426 862
1427 1395
1428 1282
1429 929
1430 352
1431 1145
1432 1394
1433 623
1434 360
1435 913
1436 1311
1437 832
1438 384
1439 777
1440 604
1441 560
1442 1339
1443 314
1444 259
1445 636
1446 710
1447 1111
1448 1065
1449 1305
1450 1373
1451 79
1452 606
1453 1077
1454 684
1455 132
1456 562
1457 1148
1458 463
1459 892
1460 896
1461 676
1462 987
1463 508
1464 1188
1465 586
1466 435
1467 1272
1468 657
1469 721
1470 122
1471 438
1472 1170
1473 35
1474 1301
1475 1278
1476 811
1477 1221
1478 1197
1479 1267
1480 1057
1481 764
1482 1106
1483 943
1484 1192
1485 364
1486 1298
1487 98
1488 961
1489 99
1490 917
1492 302
1493 1156
1494 10
1495 806
1496 1291
1497 767
1498 920
1499 283
1500 352
1501 508
1502 465
1503 770
1504 653
1505 339
1506 13
1507 51
1508 1211
1510 1266
1511 1152
1512 996
1513 328
1514 1164
1515 1029
1516 137
1517 191
1518 447
1519 270
1521 58
1522 313
1523 1050
1524 739
1525 502
1526 428
1527 219
1528 408
1529 56
1531 970
1532 335
1534 354
1535 263
1536 669
1537 392
1538 84
1539 251
1540 813
1541 190
1542 373
1543 245
1544 423
1546 698
1547 635
1548 1040
1549 280
1550 459
1551 144
1552 1283
1553 13
1554 194
1555 629
1556 332
1557 1035
1558 451
1559 696
1560 320
1561 1187
1562 342
1563 432
1564 976
1565 257
1566 337
1567 453
1568 334
1569 195
1570 148
1571 368
1572 601
1573 365
1574 24
1575 1066
1576 128
1577 1006
1578 1202
1580 651
1581 304
1582 1235
1583 1009
1584 925
1585 838
1586 586
1587 496
1588 9
1589 154
1590 446
1591 981
1592 719
1593 253
1594 34
1595 610
1596 1103
1597 1143
1598 616
1600 566
1601 585
1602 825
1603 557
1604 17
1605 1100
1606 1138
1607 948
1608 145
1609 1108
1610 752
1611 397
1612 1042
1613 396
1614 121
1615 775
1617 142
1618 491
1619 512
1620 959
1621 323
1622 733
1623 1023
1624 411
1625 335
1626 445
1628 796
1629 737
1630 42
1631 488
1632 138
1633 949
1634 931
1635 474
1636 823
1637 827
1638 1095
1639 47
1640 1212
1641 969
1642 1109
1643 158
1644 883
1645 115
1646 295
1647 279
1648 544
1649 108
1650 259
1651 101
1653 363
1654 426
1656 259
1657 1062
1658 1014
1659 306
1660 810
1661 102
1662 96
1663 546
1664 1018
1665 661
1666 13
1667 14
1668 685
1669 927
1670 419
1671 706
1672 1082
1673 82
1674 650
1676 186
1677 4
1678 1012
1679 320
1680 985
1681 328
1682 1141
1683 665
1684 937
1685 447
1686 547
1687 808
1688 541
1689 433
1690 723
1691 418
1692 786
1693 749
1694 402
1695 921
1696 280
1697 626
1698 520
1699 836
1700 376
1701 138
1702 1135
1703 995
1704 670
1705 612
1707 20
1708 1017
1709 747
1710 730
1711 381
1712 880
1713 259
1714 355
1715 705
1718 194
1720 1153
1721 204
1723 609
1724 693
1725 131
1726 211
1727 1144
1728 163
1729 819
1730 101
1731 530
1732 391
1733 414
1734 1068
1735 302
1736 54
1737 652
1739 581
1741 60
1742 479
1743 972
1744 10
1745 1083
1746 231
1747 1067
1748 35
1749 613
1750 417
1751 162
1753 540
1754 822
1755 540
1757 474
1758 134
1759 803
1760 963
1761 552
1762 481
1763 126
1764 404
1765 632
1766 349
1767 251
1769 814
1770 230
1771 459
1772 829
1773 322
1774 103
1775 583
1776 190
1777 126
1778 438
1779 443
1780 233
1781 230
1782 1010
1783 424
1784 671
1786 23
1787 70
1788 109
1789 778
1790 521
1791 795
1792 263
1793 68
1794 675
1795 217
1796 440
1797 54
1798 218
1799 932
1800 566
1801 392
1803 1004
1804 971
1805 837
1806 899
1807 642
1808 270
1809 63
1810 431
1811 292
1812 106
1813 444
1814 658
1815 105
1816 311
1817 333
1818 332
1819 123
1820 82
1821 300
1822 224
1824 563
1826 171
1827 157
1829 621
1830 170
1831 1002
1832 788
1833 606
1834 26
1835 121
1836 102
1837 735
1838 1061
1840 280
1841 659
1842 1033
1843 847
1844 411
1845 86
1846 876
1847 130
1848 923
1849 47
1850 1022
1851 614
1852 515
1853 530
1854 687
1855 673
1856 731
1857 633
1858 45
1859 1038
1860 791
1861 301
1862 852
1863 885
1864 2
1865 877
1866 165
1867 667
1869 850
1870 9
1871 390
1872 1024
1873 842
1874 229
1875 475
1876 388
1877 843
1878 85
1879 266
1881 800
1882 494
1883 648
1885 789
1886 725
1887 3
1889 92
1890 934
1891 214
1892 427
1893 625
1895 340
1897 577
1898 507
1899 167
1900 1031
1901 867
1903 634
1904 584
1906 674
1907 21
1908 897
1909 213
1910 828
1911 417
1912 493
1915 3
1916 111
1917 53
1918 90
1920 139
1921 66
1922 1025
1923 225
1924 320
1925 1016
1927 444
1928 343
1929 649
1930 529
1931 380
1932 769
1933 316
1934 824
1935 216
1936 660
1937 374
1938 546
1939 424
1940 663
1941 123
1942 288
1943 910
1944 701
1945 407
1946 595
1947 306
1948 881
1949 227
1950 582
1951 857
1953 210
1955 484
1956 318
1957 408
1960 928
1961 238
1962 68
1963 992
1967 865
1968 542
1969 117
1970 427
1971 433
1972 145
1973 346
1974 603
1975 991
1976 22
1977 184
1979 26
1980 792
1982 641
1983 273
1984 507
1985 859
1986 1
1987 780
1988 1005
1990 631
1991 935
1992 316
1993 369
1994 66
1995 196
1996 771
1997 77
1998 24
1999 388
2000 489
2001 419
2002 919
2003 597
2004 682
2005 102
2007 496
2009 809
2010 805
2011 628
2013 868
2014 950
2015 181
2016 643
2017 173
2019 220
2021 142
2023 524
2024 401
2025 450
2026 326
2027 291
2028 88
2029 324
2031 830
2032 833
2033 399
2034 305
2035 486
2036 132
2037 520
2040 462
2042 915
2044 381
2045 332
2046 476
2047 383
2049 654
2050 231
2052 683
2053 662
2054 209
2055 627
2057 516
2059 926
2060 2
2061 6
2062 295
2063 936
2065 688
2067 694
2068 111
2069 912
2070 487
2071 22
2072 744
2073 834
2074 554
2076 235
2077 909
2078 198
2080 177
2081 252
2082 218
2083 74
2084 351
2087 754
2088 431
2089 695
2090 349
2091 741
2092 287
2093 869
2094 270
2095 285
2096 142
2097 134
2098 242
2099 145
2101 319
2103 386
2104 19
2106 102
2107 143
2108 104
2109 166
2111 96
2112 468
2114 761
2116 401
2117 127
2118 804
2119 130
2120 872
2122 274
2123 903
2124 746
2125 781
2126 914
2127 421
2128 550
2129 689
2130 602
2132 826
2133 863
2134 213
2137 817
2138 423
2139 128
2142 135
2143 88
2145 726
2147 773
2149 75
2151 893
2152 316
2154 40
2155 449
2156 630
2158 115
2160 363
2161 113
2162 331
2163 19
2164 510
2165 209
2167 590
2168 716
2170 729
2171 734
2172 323
2173 500
2175 106
2177 480
2178 46
2180 219
2181 389
2182 439
2184 146
2185 571
2188 81
2190 297
2191 535
2193 511
2194 77
2196 66
2199 851
2201 66
2203 269
2204 611
2206 220
2208 478
2209 501
2210 714
2211 102
2213 318
2214 16
2215 440
2216 416
2217 183
2218 164
2219 54
2220 855
2222 51
2223 886
2224 100
2225 403
2227 528
2228 485
2229 772
2230 699
2231 314
2234 203
2235 118
2236 574
2237 52
2239 858
2240 264
2241 295
2242 578
2245 333
2246 163
2247 6
2250 265
2251 338
2253 172
2254 213
2255 647
2258 715
2259 598
2261 23
2262 400
2265 523
2266 239
2268 351
2269 20
2271 116
2272 2
2274 127
2275 13
2276 415
2277 691
2283 242
2284 26
2285 80
2286 790
2287 322
2288 237
2289 176
2292 302
2293 639
2296 30
2297 527
2298 325
2299 208
2300 531
2302 32
2303 386
2304 353
2306 111
2307 276
2308 774
2310 128
2311 375
2312 44
2314 311
2316 228
2317 300
2321 860
2322 150
2325 413
2326 525
2327 432
2329 473
2330 101
2331 425
2332 122
2333 290
2334 190
2335 65
2336 149
2337 576
2338 277
2339 445
2340 397
2341 321
2342 36
2345 252
2346 644
2347 594
2350 713
2351 50
2353 740
2354 76
2355 841
2358 374
2361 344
2362 197
2363 61
2364 271
2365 345
2366 599
2367 207
2369 106
2370 32
2371 505
2373 137
2374 245
2375 35
2379 798
2380 345
2382 206
2383 122
2385 519
2386 537
2387 284
2388 22
2389 517
2391 570
2392 759
2393 68
2394 429
2395 224
2396 34
2397 283
2398 686
2399 422
2400 700
2403 709
2405 545
2407 645
2409 338
2410 52
2411 708
2415 340
2416 192
2417 543
2418 285
2419 232
2421 69
2422 236
2423 50
2424 91
2425 361
2427 80
2431 124
2432 409
2433 276
2434 16
2435 89
2438 111
2440 150
2442 589
2445 226
2446 281
2447 365
2448 140
2451 100
2453 293
2454 193
2455 68
2456 435
2457 608
2458 448
2460 305
2462 757
2463 97
2465 624
2467 416
2468 61
2469 92
2470 750
2471 91
2475 77
2478 755
2479 180
2480 152
2481 139
2483 99
2484 532
2485 456
2487 668
2489 87
2490 324
2492 181
2493 43
2496 26
2498 214
2501 720
2503 105
2504 155
2505 335
2506 140
2508 352
2514 580
2515 619
2517 497
2520 58
2521 154
2523 239
2524 136
2526 420
2527 326
2528 412
2529 203
2531 457
2533 150
2535 206
2536 147
2537 327
2538 176
2540 406
2542 88
2543 121
2544 289
2547 216
2548 483
2549 518
2550 4
2551 44
2554 482
2555 463
2556 564
2557 236
2559 471
2560 3
2561 538
2562 175
2563 150
2564 469
2566 348
2567 379
2568 167
2570 728
2572 99
2573 166
2574 174
2575 622
2576 89
2577 403
2578 620
2579 681
2583 357
2584 236
2586 373
2588 313
2590 74
2592 283
2593 192
2594 158
2597 451
2598 46
2599 279
2601 664
2602 110
2604 758
2605 707
2608 391
2610 637
2612 458
2613 558
2614 123
2615 256
2616 193
2618 310
2620 188
2621 260
2624 260
2625 135
2626 271
2630 213
2631 79
2632 218
2635 304
2636 135
2637 678
2638 307
2639 551
2641 107
2642 58
2644 454
2645 52
2646 154
2648 241
2649 1
2655 282
2656 211
2657 467
2658 666
2660 600
2661 334
2662 229
2663 263
2664 504
2666 70
2667 117
2668 672
2670 428
2671 377
2676 355
2677 255
2679 224
2680 436
2682 237
2686 591
2688 159
2689 380
2690 453
2691 387
2692 195
2693 84
2694 127
2695 199
2696 308
2698 26
2699 559
2701 140
2702 254
2703 101
2704 398
2705 281
2706 123
2707 176
2708 339
2709 199
2712 292
2713 160
2716 3
2719 203
2727 170
2731 465
2733 575
2741 567
2742 539
2745 242
2748 157
2750 177
2751 37
2752 395
2753 116
2754 331
2757 238
2758 231
2760 167
2763 477
2764 561
2765 116
2768 364
2770 51
2771 243
2772 303
2775 183
2778 158
2783 63
2784 569
2785 16
2786 390
2788 127
2789 124
2792 615
2793 522
2795 442
2796 68
2797 127
2798 185
2804 697
2805 146
2807 119
2808 8
2813 384
2814 88
2816 371
2817 49
2819 704
2821 14
2823 308
2827 120
2828 3
2830 607
2832 206
2833 94
2834 114
2836 116
2838 368
2839 405
2840 330
2841 514
2842 342
2843 48
2845 172
2847 298
2848 139
2852 128
2853 211
2855 85
2856 30
2857 289
2858 115
2868 239
2869 25
2870 348
2871 103
2872 161
2873 193
2874 102
2876 298
2878 268
2880 244
2881 251
2882 58
2885 414
2886 284
2887 222
2888 466
2891 296
2894 160
2895 592
2897 72
2903 618
2905 162
2907 86
2908 356
2910 155
2911 350
2913 235
2916 303
2917 549
2919 293
2920 4
2921 35
2923 655
2924 656
2925 367
2929 141
2930 137
2931 87
2932 168
2934 325
2936 235
2937 41
2938 95
2939 74
2941 229
2943 104
2944 181
2948 18
2949 267
2950 402
2951 184
2952 492
2954 131
2956 593
2959 140
2960 182
2961 266
2964 225
2966 307
2969 330
2974 30
2976 248
2977 506
2978 573
2980 34
2981 59
2982 99
2989 148
2990 10
2992 268
2994 123
2995 565
2996 81
2998 29
2999 533
3002 309
3003 100
3004 43
3006 89
3007 64
3009 262
3010 238
3011 156
3013 210
3014 176
3015 317
3016 55
3023 245
3025 69
3027 248
3028 225
3029 54
3030 169
3032 343
3033 39
3034 92
3035 250
3038 556
3040 297
3046 354
3047 219
3048 102
3049 145
3050 210
3052 167
3053 393
3054 54
3055 70
3056 253
3057 152
3060 17
3064 118
3066 93
3071 168
3072 37
3078 159
3080 74
3081 360
3082 48
3083 122
3085 201
3087 73
3088 84
3089 172
3093 169
3094 169
3099 215
3100 34
3101 99
3108 579
3109 92
3113 172
3115 141
3116 134
3119 548
3121 394
3122 215
3125 76
3126 67
3129 78
3130 73
3132 310
3133 186
3134 89
3135 126
3136 383
3138 362
3140 195
3141 464
3142 67
3143 48
3146 253
3151 9
3152 158
3154 49
3155 23
3156 33
3161 117
3163 299
3164 18
3165 8
3166 15
3173 198
3174 3
3175 11
3177 255
3178 291
3183 257
3184 101
3186 404
3188 154
3191 370
3195 7
3197 64
3202 568
3204 136
3208 347
3210 76
3211 119
3212 226
3216 8
3221 164
3222 177
3230 46
3234 378
3236 108
3237 588
3238 46
3239 34
3240 43
3241 369
3242 243
3243 38
3249 114
3250 61
3259 121
3260 495
3262 192
3263 261
3264 277
3266 32
3269 126
3272 265
3273 147
3276 317
3280 327
3282 246
3284 89
3285 184
3288 202
3290 67
3291 353
3296 114
3299 536
3300 294
3301 261
3304 148
3305 187
3310 366
3311 232
3313 41
3314 126
3321 101
3326 103
3327 63
3330 10
3331 70
3334 181
3335 274
3336 20
3340 23
3342 2
3344 204
3351 95
3352 65
3353 460
3354 171
3356 190
3358 247
3360 212
3362 88
3363 108
3364 129
3366 288
3367 18
3369 161
3374 121
3377 228
3381 15
3382 35
3384 191
3385 171
3386 200
3389 222
3395 125
3403 233
3405 102
3406 34
3408 29
3411 246
3412 175
3421 122
3423 1
3426 125
3429 163
3432 69
3433 220
3434 472
3435 28
3436 137
3438 258
3441 128
3442 194
3443 179
3444 83
3446 287
3449 200
3450 96
3452 88
3453 78
3455 103
3456 8
3457 47
3459 534
3462 410
3463 44
3464 25
3465 96
3467 42
3468 217
3470 286
3471 455
3474 122
3475 269
3476 180
3477 212
3481 170
3483 272
3485 159
3486 124
3489 89
3490 79
3494 498
3496 29
3497 31
3499 52
3500 76
3507 6
3509 125
3510 25
3514 272
3517 15
3519 168
3529 35
3530 44
3533 116
3536 70
3539 205
3541 97
3542 217
3543 461
3544 2
3546 99
3549 87
3552 99
3555 15
3556 109
3557 95
3559 79
3561 359
3563 208
3568 59
3569 24
3570 208
3571 80
3576 104
3580 2
3581 82
3583 50
3586 78
3587 136
3588 43
3589 121
3592 72
3594 120
3596 79
3600 74
3601 341
3610 198
3615 18
3616 376
3617 139
3618 21
3619 101
3620 38
3621 147
3623 5
3633 80
3635 282
3636 162
3643 109
3644 196
3648 69
3651 20
3655 65
3656 250
3661 45
3662 55
3666 43
3667 115
3668 38
3671 134
3672 234
3673 509
3675 46
3680 48
3682 33
3684 152
3689 163
3690 191
3694 223
3695 156
3697 117
3698 214
3700 20
3703 79
3704 43
3705 144
3706 76
3711 470
3713 499
3715 125
3717 234
3722 120
3730 207
3731 185
3732 526
3738 48
3741 136
3744 39
3749 321
3750 57
3751 183
3754 56
3757 12
3758 64
3764 221
3765 244
3766 100
3769 262
3770 75
3774 157
3779 95
3785 85
3786 20
3793 50
3795 156
3796 275
3798 92
3799 503
3800 39
3805 131
3807 173
3810 89
3815 92
3818 73
3822 68
3823 11
3828 23
3831 96
3837 146
3839 241
3840 247
3846 29
3848 9
3849 6
3850 77
3856 84
3857 79
3858 209
3866 164
3867 385
3869 216
3870 129
3871 58
3875 98
3876 8
3878 178
3881 67
3885 174
3886 186
3888 77
3890 80
3900 108
3907 61
3908 110
3909 42
3910 47
3912 135
3919 143
3926 73
3928 9
3930 28
3934 34
3936 221
3938 117
3939 108
3940 441
3943 182
3944 23
3948 81
3949 430
3952 71
3954 114
3955 20
3957 49
3961 96
3962 189
3966 41
3967 134
3971 48
3972 178
3975 142
3977 97
3979 49
3980 67
3982 162
3987 11
3988 58
3999 6
4002 160
4004 149
4006 35
4007 49
4008 240
4011 155
4024 182
4027 111
4030 71
4036 93
4037 80
4040 5
4041 249
4043 118
4058 11
4066 36
4067 130
4074 48
4075 42
4079 319
4084 227
4085 38
4086 124
4089 51
4090 187
4097 68
4098 65
4099 32
4101 254
4106 437
4107 115
4108 76
4113 82
4123 91
4126 10
4133 112
4134 197
4136 7
4143 137
4148 44
4151 55
4156 95
4158 60
4159 112
4170 113
4171 114
4174 147
4180 33
4181 166
4186 382
4187 15
4190 68
4193 185
4196 146
4197 53
4201 76
4202 23
4208 204
4210 1
4211 452
4212 132
4213 106
4215 153
4219 131
4220 28
4223 58
4224 132
4228 4
4234 5
4241 78
4247 67
4255 174
4263 118
4266 69
4268 273
4272 71
4274 188
4275 165
4278 1
4280 50
4281 201
4282 68
4283 48
4286 24
4288 71
4292 6
4295 37
4301 28
4303 100
4306 85
4313 1
4316 41
4319 329
4326 30
4328 3
4329 6
4332 18
4338 12
4340 32
4357 278
4359 31
4371 56
4379 93
4383 83
4386 59
4390 98
4392 74
4393 41
4399 45
4400 130
4402 103
4404 61
4406 90
4408 45
4410 23
4412 129
4414 256
4428 42
4435 144
4437 42
4439 110
4450 30
4453 50
4455 66
4465 85
4477 5
4484 12
4485 85
4492 12
4493 22
4494 31
4495 48
4497 88
4498 33
4500 11
4502 6
4503 4
4506 18
4512 148
4513 33
4516 9
4520 37
4527 28
4538 69
4539 81
4543 20
4546 7
4549 223
4550 78
4553 143
4555 180
4556 37
4558 55
4560 29
4567 33
4571 230
4575 98
4582 141
4585 62
4587 30
4588 97
4589 67
4591 78
4592 6
4593 8
4595 315
4602 81
4603 74
4606 264
4608 104
4609 43
4612 98
4613 72
4614 43
4617 84
4618 5
4621 7
4622 55
4623 52
4625 97
4626 16
4633 2
4638 56
4645 9
4649 8
4650 22
4654 14
4662 107
4664 31
4665 120
4669 91
4676 358
4681 47
4691 46
4692 26
4693 49
4704 41
4705 43
4709 49
4712 58
4713 84
4714 53
4715 93
4717 16
4731 179
4735 93
4736 133
4740 23
4741 28
4751 5
4752 336
4760 45
4761 312
4762 62
4763 71
4765 28
4780 202
4781 3
4785 52
4786 50
4794 133
4795 8
4796 109
4804 94
4811 28
4820 65
4826 11
4832 40
4837 14
4839 165
4846 106
4855 29
4858 64
4861 71
4862 86
4879 107
4882 66
4885 18
4886 91
4887 57
4888 105
4894 107
4896 105
4904 80
4905 30
4912 9
4921 24
4922 69
4924 161
4925 52
4927 62
4932 133
4937 45
4941 60
4946 111
4950 119
4958 53
4961 10
4967 55
4975 53
4976 33
4980 23
4982 65
4989 6
4991 37
4993 12
4996 48
5001 112
5011 22
5020 24
5024 32
5026 40
5027 19
5030 189
5036 10
5037 119
5038 7
5044 61
5047 9
5051 53
5052 36
5057 77
5059 31
5066 15
5069 49
5083 14
5086 62
5092 30
5093 47
5097 23
5104 138
5112 54
5113 113
5116 2
5118 104
5121 38
5126 94
5130 153
5134 10
5136 62
5141 56
5142 15
5151 45
5159 90
5160 66
5169 81
5170 51
5172 6
5174 24
5181 50
5191 23
5192 30
5193 27
5194 151
5195 83
5199 75
5201 23
5212 49
5213 18
5218 11
5223 1
5229 138
5241 175
5243 86
5245 12
5248 15
5250 35
5255 16
5271 46
5275 3
5285 29
5286 64
5289 59
5297 34
5303 113
5306 9
5326 20
5328 54
5339 10
5340 20
5341 28
5342 43
5344 4
5353 149
5355 28
5356 58
5375 52
5376 62
5385 82
5391 37
5400 27
5402 2
5404 5
5405 50
5409 23
5412 30
5415 12
5425 30
5427 65
5428 44
5430 23
5431 36
5437 61
5438 30
5441 41
5444 75
5445 75
5447 42
5460 56
5464 2
5466 46
5473 27
5476 57
5478 52
5482 94
5483 90
5488 14
5501 40
5502 26
5508 18
5509 54
5511 22
5512 54
5513 31
5518 28
5521 39
5534 70
5536 18
5538 39
5542 46
5543 36
5557 12
5559 1
5562 72
5564 8
5569 60
5570 7
5582 31
5588 59
5593 82
5599 11
5607 12
5612 61
5616 8
5621 63
5623 70
5626 23
5633 19
5637 205
5638 38
5639 56
5641 29
5642 77
5646 47
5654 64
5655 30
5659 2
5662 42
5672 83
5674 151
5677 31
5678 33
5680 34
5687 26
5696 41
5698 16
5701 1
5708 17
5712 19
5720 24
5725 53
5728 66
5730 7
5739 9
5743 72
5744 24
5746 13
5754 36
5755 27
5767 42
5779 18
5789 37
5792 23
5803 12
5811 27
5822 23
5823 27
5826 8
5827 46
5830 15
5852 86
5863 31
5873 32
5874 44
5877 21
5879 36
5881 36
5890 29
5901 110
5907 23
5908 7
5915 20
5918 87
5926 12
5928 28
5930 40
5932 51
5933 6
5944 8
5946 11
5953 24
5956 6
5957 47
5959 57
5964 15
5967 27
5997 87
6008 15
6009 42
6010 6
6011 30
6013 12
6019 36
6021 73
6028 24
6033 55
6035 37
6037 37
6049 16
6067 24
6076 33
6081 9
6083 33
6096 33
6100 31
6110 17
6117 31
6122 9
6124 28
6126 4
6136 57
6137 44
6139 41
6142 7
6146 59
6147 35
6167 12
6169 3
6173 47
6178 32
6179 43
6186 7
6187 36
6189 45
6197 16
6200 26
6207 10
6211 45
6214 3
6217 31
6231 19
6232 26
6236 35
6237 39
6249 15
6250 13
6258 28
6280 11
6281 19
6299 73
6303 7
6311 33
6315 37
6354 41
6376 25
6378 14
6381 57
6390 1
6395 39
6396 51
6419 22
6424 2
6430 13
6435 6
6439 40
6475 18
6488 7
6500 19
6515 20
6520 29
6523 1
6535 63
6541 15
6545 8
6547 18
6549 39
6558 20
6566 4
6582 2
6589 35
6602 11
6610 4
6616 27
6624 7
6625 63
6632 6
6635 10
6641 20
6650 34
6653 1
6679 20
6681 2
6710 19
6717 27
6720 19
6724 7
6726 2
6733 12
6740 12
6754 12
6765 8
6768 51
6775 13
6782 11
6786 20
6808 22
6837 5
6839 29
6847 16
6848 26
6853 1
6856 27
6857 40
6861 17
6888 10
6890 14
6899 13
6900 24
6901 40
6908 39
6912 20
6917 11
6941 9
6950 14
6974 16
6980 26
7009 34
7012 14
7020 38
7047 14
7052 38
7053 25
7058 4
7073 34
7106 9
7137 20
7140 38
7141 21
7146 12
7155 4
7159 27
7166 24
7174 60
7185 27
7187 4
7190 8
7194 6
7206 9
7209 7
7217 19
7218 1
7220 5
7222 26
7226 25
7235 17
7240 3
7241 44
7245 2
7256 3
7262 13
7265 14
7295 35
7306 13
7307 32
7311 15
7320 10
7326 29
7356 32
7404 24
7406 6
7416 21
7419 12
7422 3
7432 13
7433 22
7435 60
7437 16
7439 19
7443 20
7448 19
7453 3
7454 22
7455 5
7463 17
7473 22
7488 6
7498 12
7500 1
7513 11
7515 14
7519 19
7528 15
7535 17
7549 32
7567 3
7571 3
7573 22
7574 29
7587 13
7598 17
7599 2
7608 19
7615 22
7623 12
7641 14
7644 8
7665 2
7680 15
7718 9
7719 21
7738 2
7739 17
7745 26
7748 26
7758 15
7772 11
7784 8
7820 1
7823 6
7837 16
7857 17
7858 21
7863 12
7889 1
7890 9
7916 16
7941 8
7973 17
7981 22
7996 11
8036 1
8046 19
8052 18
8070 17
8073 21
8099 21
8101 9
8118 1
8166 1
8168 16
8187 12
8195 17
8242 11
8267 6
8270 12
8289 17
8298 21
8314 11
8316 16
8317 1
8318 12
8348 4
8376 14
8378 4
8388 4
8406 8
8416 10
8440 18
8442 7
8447 15
8460 6
8466 15
8468 25
8473 21
8503 21
8509 17
8510 10
8534 21
8537 10
8542 25
8550 14
8556 14
8578 25
8606 18
8634 13
8655 12
8730 3
8765 3
8768 6
8774 6
8778 18
8782 6
8788 7
8796 13
8797 8
8798 9
8830 8
8836 18
8841 16
8845 5
8850 8
8873 9
8880 13
8890 8
8894 8
8909 11
8931 5
8937 10
8987 8
9003 1
9014 2
9019 7
9022 25
9025 25
9035 10
9040 6
9048 15
9051 8
9054 15
9061 4
9074 1
9077 13
9080 16
9091 14
9092 7
9097 9
9147 13
9153 2
9155 9
9157 2
9191 16
9229 8
9236 5
9245 4
9268 2
9277 8
9314 10
9343 1
9359 9
9368 10
9371 2
9382 11
9408 10
9409 14
9424 3
9458 3
9516 14
9520 8
9540 2
9571 13
9588 8
9591 10
9628 9
9630 9
9634 7
9683 8
9689 8
9691 6
9751 3
9764 4
9799 6
9816 7
9867 4
9872 13
9901 8
9909 3
9920 10
9931 4
9959 4
10002 4
10008 5
10009 3
10022 2
10028 1
10047 9
10055 2
10070 10
10078 11
10093 13
10110 7
10111 7
10172 9
10193 2
10205 7
10207 13
10208 7
10209 4
10220 9
10351 5
10359 7
10365 7
10366 1
10372 5
10374 8
10375 4
10378 1
10414 6
10417 1
10419 9
10445 11
10451 2
10453 2
10474 6
10493 4
10515 6
10521 4
10556 4
10557 2
10573 4
10575 2
10594 2
10598 5
10602 2
10610 7
10627 10
10628 10
10711 6
10731 9
10769 11
10799 11
10819 3
10823 11
10827 7
10833 10
10883 4
10905 2
10914 6
10933 5
10959 6
10963 1
11005 1
11025 1
11047 6
11048 3
11084 6
11157 3
11232 4
11233 6
11238 1
11263 1
11295 4
11303 7
11334 7
11392 6
11397 4
11407 1
11418 1
11458 3
11475 6
11487 3
11508 3
11528 1
11546 7
11609 5
11637 4
11638 3
11641 4
11704 6
11723 6
11825 1
11829 7
11856 5
11924 2
11935 4
11951 7
12014 2
12031 4
12062 2
12091 1
12127 1
12128 6
12135 5
12278 5
12284 5
12324 4
12342 5
12357 2
12378 2
12406 1
12412 5
12436 4
12453 4
12533 1
12535 3
12571 3
12580 1
12581 2
12722 3
12773 1
12784 4
12803 1
12806 5
12833 3
12862 4
12884 5
12905 3
12910 4
12938 4
12943 4
12963 3
12965 2
12967 3
12969 3
12988 3
12992 4
13038 4
13043 4
13121 1
13132 4
13214 3
13248 4
13253 2
13377 2
13402 3
13478 1
13481 2
13485 4
13568 2
13577 2
13581 5
13688 3
13747 3
13773 5
13803 2
13847 2
13875 1
13930 1
13941 5
13982 1
14066 3
14113 5
14134 2
14159 2
14255 1
14271 2
14285 2
14301 2
14318 5
14363 1
14392 3
14427 2
14428 1
14431 3
14444 3
14466 2
14521 3
14556 2
14559 2
14650 1
14749 3
14758 1
14761 2
14801 2
14824 1
14885 3
14896 3
15043 3
15065 5
15088 3
15169 1
15265 2
15320 1
15365 3
15369 3
15403 3
15405 1
15511 3
15563 3
15668 5
15680 2
15747 5
15753 5
15811 1
15848 1
15859 3
15903 1
15913 2
15918 1
15941 5
15973 3
16014 1
16201 1
16222 1
16286 2
16298 2
16545 1
16708 2
16811 2
16814 2
16822 1
16833 2
16886 1
16928 2
16936 1
16994 2
17148 1
17215 2
17242 1
17247 1
17267 1
17294 1
17455 1
17456 1
17502 2
17516 2
17609 1
17845 2
17899 1
18012 1
18013 2
18083 1
18130 2
18144 2
18230 2
18255 2
18260 1
18342 1
18408 1
18411 2
18430 1
18602 2
18606 1
18656 1
18672 1
18707 2
18948 1
18982 1
19145 1
19256 1
19358 1
19404 1
19660 1
19786 1
19976 1
19990 1
20078 1
20113 1
20191 1
20236 1
20250 1
20333 1
20353 1
20638 1
20705 1
20854 1
20864 1
21018 1
21099 1
21137 1
21142 1
21254 1
21260 1
21289 1
21483 1
21521 1
21659 1
21668 1
21740 1
21747 1
21803 1
21912 1
21914 1
21935 1
21982 1
22018 1
22149 1
1995632 1
1995633 1
1995635 1
1995637 1
1995642 1
1995644 1
1995648 1
1995649 1
1995651 1
1995653 1
1995654 1
1995655 1
1995656 1
1995657 1
1995658 1
1995659 1
1995661 1
1995663 1
1995666 1
1995667 1
1995669 1
1995672 1
1995674 1
1995675 1
1995679 1
1995680 1
1995681 1
1995682 1
1995683 1
1995686 1
1995687 1
1995688 1
1995689 1
1995690 1
1995691 1
1995692 1
1995693 1
1995694 1
1995695 1
1995696 1
1995697 1
1995698 1
1995700 1
1995702 1
1995704 1
1995709 1
1995710 1
1995711 1
1995715 1
1995716 1
1995717 1
1995719 1
1995720 1
1995722 1
1995724 1
1995726 1
1995730 1
1995731 1
1995732 1
1995734 1
1995735 1
1995736 1
1995737 1
1995738 1
1995740 1
1995741 1
1995742 1
1995744 1
1995746 1
1995748 1
1995750 1
1995752 1
1995753 1
1995756 1
1995757 1
1995760 1
1995761 1
1995763 1
1995764 1
1995765 1
1995768 1
1995769 1
1995770 1
1995775 1
1995778 1
1995781 1
1995782 1
1995784 1
1995785 1
1995786 1
1995789 1
1995790 1
1995791 1
1995793 1
1995796 1
1995797 1
1995798 1
1995799 1
1995800 1
1995804 1
1995805 1
1995806 1
1995807 1
1995811 1
1995812 1
1995814 1
1995816 1
1995818 1
1995819 1
1995820 1
1995822 1
1995823 1
1995828 1
1995829 1
1995830 1
1995832 1
1995834 1
1995835 1
1995836 1
1995837 1
1995841 1
1995843 1
1995844 1
1995847 1
1995848 1
1995849 1
1995851 1
1995852 1
1995853 1
1995855 1
1995857 1
1995858 1
1995859 1
1995860 1
1995863 1
1995866 1
1995868 1
1995870 1
1995871 1
1995872 1
1995874 1
1995878 1
1995879 1
1995880 1
1995882 1
1995883 1
1995884 1
1995885 1
1995886 1
1995889 1
1995893 1
1995894 1
1995895 1
1995896 1
1995897 1
1995899 1
1995900 1
1995903 1
1995904 1
1995905 1
1995906 1
1995907 1
1995908 1
1995911 1
1995912 1
1995915 1
1995916 1
1995917 1
1995918 1
1995923 1
1995924 1
1995926 1
1995927 1
1995928 1
1995929 1
1995932 1
1995933 1
1995934 1
1995936 1
1995938 1
1995939 1
1995940 1
1995941 1
1995942 1
1995943 1
1995947 1
1995949 1
1995950 1
1995952 1
1995953 1
1995955 1
1995956 1
1995964 1
1995967 1
1995968 1
1995971 1
1995972 1
1995974 1
1995975 1
1995977 1
1995979 1
1995985 1
1995986 1
1995988 1
1995990 1
1995991 1
1995992 1
1995993 1
1995997 1
1995998 1
1995999 1
1996003 1
1996007 1
1996008 1
1996011 1
1996014 1
1996015 1
1996016 1
1996017 1
1996018 1
1996019 1
1996020 1
1996021 1
1996022 1
1996024 1
1996025 1
1996026 1
1996030 1
1996035 1
1996038 1
1996040 1
1996046 1
1996048 1
1996052 1
1996054 1
1996056 1
1996059 1
1996061 1
1996062 1
1996065 1
1996067 1
1996068 1
1996071 1
1996073 1
1996074 1
1996076 1
1996078 1
1996080 1
1996087 1
1996088 1
1996091 1
1996092 1
1996093 1
1996095 1
1996096 1
1996097 1
1996099 1
1996103 1
1996105 1
1996106 1
1996107 1
1996108 1
1996111 1
1996113 1
1996117 1
1996122 1
1996124 1
1996125 1
1996127 1
1996128 1
1996129 1
1996131 1
1996135 1
1996137 1
1996138 1
1996140 1
1996141 1
1996142 1
1996143 1
1996146 1
1996147 1
1996148 1
1996149 1
1996153 1
1996158 1
1996159 1
1996161 1
1996162 1
1996166 1
1996170 1
1996172 1
1996173 1
1996178 1
1996179 1
1996180 1
1996181 1
1996185 1
1996187 1
1996189 1
1996190 1
1996192 1
1996193 1
1996194 1
1996196 1
1996197 1
1996198 1
1996202 1
1996204 1
1996206 1
1996207 1
1996209 1
1996212 1
1996214 1
1996220 1
1996221 1
1996222 1
1996228 1
1996231 1
1996233 1
1996234 1
1996235 1
1996236 1
1996237 1
1996238 1
1996242 1
1996243 1
1996244 1
1996245 1
1996248 1
1996250 1
1996253 1
1996257 1
1996259 1
1996260 1
1996261 1
1996264 1
1996265 1
1996266 1
1996268 1
1996270 1
1996271 1
1996272 1
1996278 1
1996280 1
1996282 1
1996284 1
1996285 1
1996287 1
1996288 1
1996289 1
1996291 1
1996294 1
1996296 1
1996298 1
1996301 1
1996304 1
1996308 1
1996309 1
1996311 1
1996314 1
1996315 1
1996317 1
1996319 1
1996323 1
1996325 1
1996331 1
1996332 1
1996333 1
1996335 1
1996338 1
1996340 1
1996343 1
1996344 1
1996345 1
1996346 1
1996353 1
1996355 1
1996359 1
1996361 1
1996362 1
1996364 1
1996368 1
1996371 1
1996372 1
1996374 1
1996378 1
1996380 1
1996382 1
1996386 1
1996388 1
1996389 1
1996391 1
1996395 1
1996396 1
1996398 1
1996402 1
1996403 1
1996405 1
1996408 1
1996409 1
1996412 1
1996414 1
1996416 1
1996417 1
1996418 1
1996423 1
1996424 1
1996425 1
1996428 1
1996429 1
1996430 1
1996432 1
1996433 1
1996436 1
1996438 1
1996439 1
1996441 1
1996443 1
1996444 1
1996446 1
1996448 1
1996449 1
1996453 1
1996455 1
1996456 1
1996457 1
1996460 1
1996462 1
1996463 1
1996466 1
1996467 1
1996468 1
1996470 1
1996471 1
1996472 1
1996474 1
1996475 1
1996477 1
1996479 1
1996480 1
1996481 1
1996482 1
1996484 1
1996485 1
1996486 1
1996487 1
1996491 1
1996496 1
1996497 1
1996498 1
1996499 1
1996501 1
1996503 1
1996507 1
1996510 1
1996511 1
1996512 1
1996519 1
1996529 1
1996532 1
1996533 1
1996534 1
1996535 1
1996536 1
1996539 1
1996541 1
1996542 1
1996544 1
1996545 1
1996546 1
1996547 1
1996548 1
1996549 1
1996554 1
1996556 1
1996558 1
1996561 1
1996563 1
1996564 1
1996567 1
1996568 1
1996569 1
1996570 1
1996572 1
1996575 1
1996576 1
1996579 1
1996580 1
1996582 1
1996584 1
1996586 1
1996587 1
1996589 1
1996593 1
1996594 1
1996596 1
1996597 1
1996598 1
1996602 1
1996603 1
1996605 1
1996607 1
1996609 1
1996610 1
1996613 1
1996616 1
1996620 1
1996623 1
1996624 1
1996626 1
1996630 1
1996631 1
1996632 1
1996633 1
1996636 1
1996637 1
1996642 1
1996643 1
1996644 1
1996645 1
1996646 1
1996652 1
1996655 1
1996658 1
1996659 1
1996661 1
1996663 1
1996667 1
1996668 1
1996672 1
1996675 1
1996676 1
1996678 1
1996679 1
1996680 1
1996681 1
1996682 1
1996683 1
1996685 1
1996686 1
1996687 1
1996688 1
1996689 1
1996691 1
1996692 1
1996695 1
1996696 1
1996699 1
1996703 1
1996705 1
1996706 1
1996708 1
1996709 1
1996710 1
1996712 1
1996713 1
1996715 1
1996718 1
1996720 1
1996723 1
1996727 1
1996728 1
1996729 1
1996730 1
1996739 1
1996740 1
1996743 1
1996746 1
1996747 1
1996748 1
1996750 1
1996751 1
1996752 1
1996755 1
1996759 1
1996760 1
1996762 1
1996763 1
1996764 1
1996765 1
1996769 1
1996770 1
1996772 1
1996773 1
1996775 1
1996776 1
1996778 1
1996780 1
1996781 1
1996782 1
1996783 1
1996784 1
1996785 1
1996787 1
1996788 1
1996789 1
1996790 1
1996791 1
1996793 1
1996794 1
1996795 1
1996797 1
1996798 1
1996803 1
1996805 1
1996806 1
1996813 1
1996814 1
1996815 1
1996816 1
1996817 1
1996820 1
1996822 1
1996823 1
1996824 1
1996825 1
1996828 1
1996832 1
1996833 1
1996834 1
1996838 1
1996840 1
1996841 1
1996842 1
1996843 1
1996847 1
1996848 1
1996850 1
1996851 1
1996852 1
1996858 1
1996859 1
1996860 1
1996863 1
1996866 1
1996867 1
1996868 1
1996871 1
1996872 1
1996873 1
1996874 1
1996876 1
1996880 1
1996881 1
1996885 1
1996886 1
1996887 1
1996888 1
1996889 1
1996890 1
1996891 1
1996892 1
1996893 1
1996900 1
1996904 1
1996905 1
1996909 1
1996911 1
1996913 1
1996917 1
1996920 1
1996921 1
1996922 1
1996924 1
1996925 1
1996926 1
1996929 1
1996931 1
1996935 1
1996936 1
1996938 1
1996939 1
1996941 1
1996942 1
1996944 1
1996946 1
1996947 1
1996948 1
1996949 1
1996950 1
1996952 1
1996955 1
1996957 1
1996959 1
1996961 1
1996962 1
1996964 1
1996967 1
1996969 1
1996970 1
1996972 1
1996975 1
1996977 1
1996978 1
1996979 1
1996980 1
1996982 1
1996986 1
1996989 1
1996990 1
1996995 1
1996996 1
1996997 1
1996998 1
1996999 1
1997000 1
1997001 1
1997002 1
1997003 1
1997005 1
1997006 1
1997008 1
1997013 1
1997015 1
1997016 1
1997018 1
1997024 1
1997025 1
1997027 1
1997029 1
1997031 1
1997033 1
1997034 1
1997035 1
1997038 1
1997039 1
1997043 1
1997044 1
1997045 1
1997052 1
1997059 1
1997060 1
1997062 1
1997064 1
1997065 1
1997067 1
1997072 1
1997073 1
1997074 1
1997077 1
1997078 1
1997079 1
1997082 1
1997083 1
1997084 1
1997086 1
1997089 1
1997090 1
1997091 1
1997092 1
1997093 1
1997094 1
1997095 1
1997096 1
1997097 1
1997098 1
1997101 1
1997105 1
1997106 1
1997110 1
1997111 1
1997114 1
1997116 1
1997118 1
1997121 1
1997122 1
1997124 1
1997125 1
1997132 1
1997133 1
1997134 1
1997135 1
1997137 1
1997141 1
1997142 1
1997145 1
1997147 1
1997149 1
1997150 1
1997151 1
1997152 1
1997153 1
1997156 1
1997157 1
1997160 1
1997161 1
1997163 1
1997165 1
1997166 1
1997180 1
1997181 1
1997186 1
1997187 1
1997188 1
1997189 1
1997193 1
1997196 1
1997199 1
1997202 1
1997206 1
1997212 1
1997213 1
1997215 1
1997217 1
1997222 1
1997223 1
1997226 1
1997228 1
1997229 1
1997231 1
1997232 1
1997233 1
1997235 1
1997236 1
1997241 1
1997245 1
1997247 1
1997248 1
1997250 1
1997253 1
1997256 1
1997257 1
1997259 1
1997260 1
1997263 1
1997268 1
1997270 1
1997272 1
1997273 1
1997274 1
1997275 1
1997277 1
1997278 1
1997279 1
1997280 1
1997283 1
1997285 1
1997286 1
1997288 1
1997289 1
1997291 1
1997294 1
1997295 1
1997298 1
1997299 1
1997300 1
1997301 1
1997302 1
1997304 1
1997305 1
1997307 1
1997308 1
1997309 1
1997310 1
1997312 1
1997313 1
1997314 1
1997317 1
1997318 1
1997319 1
1997320 1
1997321 1
1997322 1
1997324 1
1997326 1
1997331 1
1997333 1
1997335 1
1997336 1
1997337 1
1997340 1
1997341 1
1997342 1
1997343 1
1997344 1
1997345 1
1997348 1
1997358 1
1997359 1
1997360 1
1997361 1
1997362 1
1997363 1
1997364 1
1997365 1
1997368 1
1997372 1
1997373 1
1997376 1
1997378 1
1997381 1
1997383 1
1997386 1
1997388 1
1997389 1
1997390 1
1997391 1
1997392 1
1997394 1
1997396 1
1997398 1
1997401 1
1997402 1
1997404 1
1997407 1
1997408 1
1997409 1
1997413 1
1997416 1
1997420 1
1997425 1
1997429 1
1997430 1
1997432 1
1997434 1
1997436 1
1997437 1
1997438 1
1997439 1
1997445 1
1997446 1
1997449 1
1997450 1
1997451 1
1997454 1
1997456 1
1997457 1
1997461 1
1997463 1
1997465 1
1997467 1
1997469 1
1997470 1
1997471 1
1997472 1
1997473 1
1997478 1
1997479 1
1997480 1
1997483 1
1997485 1
1997486 1
1997489 1
1997491 1
1997492 1
1997493 1
1997500 1
1997503 1
1997507 1
1997508 1
1997511 1
1997513 1
1997514 1
1997515 1
1997517 1
1997520 1
1997521 1
1997522 1
1997525 1
1997527 1
1997528 1
1997532 1
1997533 1
1997534 1
1997535 1
1997538 1
1997540 1
1997542 1
1997543 1
1997546 1
1997547 1
1997548 1
1997553 1
1997557 1
1997559 1
1997561 1
1997562 1
1997563 1
1997567 1
1997568 1
1997570 1
1997572 1
1997573 1
1997576 1
1997577 1
1997578 1
1997580 1
1997581 1
1997588 1
1997589 1
1997590 1
1997594 1
1997595 1
1997596 1
1997599 1
1997601 1
1997602 1
1997603 1
1997604 1
1997607 1
1997608 1
1997609 1
1997610 1
1997612 1
1997613 1
1997614 1
1997617 1
1997622 1
1997623 1
1997625 1
1997630 1
1997631 1
1997633 1
1997634 1
1997639 1
1997641 1
1997642 1
1997644 1
1997649 1
1997650 1
1997651 1
1997652 1
1997653 1
1997654 1
1997655 1
1997656 1
1997657 1
1997660 1
1997661 1
1997664 1
1997665 1
1997668 1
1997673 1
1997676 1
1997677 1
1997678 1
1997681 1
1997684 1
1997685 1
1997690 1
1997692 1
1997694 1
1997695 1
1997696 1
1997697 1
1997700 1
1997701 1
1997705 1
1997709 1
1997711 1
1997713 1
1997716 1
1997717 1
1997718 1
1997719 1
1997720 1
1997722 1
1997724 1
1997728 1
1997730 1
1997732 1
1997733 1
1997736 1
1997737 1
1997738 1
1997740 1
1997743 1
1997746 1
1997747 1
1997748 1
1997750 1
1997753 1
1997754 1
1997755 1
1997758 1
1997760 1
1997765 1
1997767 1
1997768 1
1997769 1
1997771 1
1997774 1
1997776 1
1997777 1
1997778 1
1997780 1
1997781 1
1997782 1
1997783 1
1997786 1
1997789 1
1997792 1
1997797 1
1997799 1
1997801 1
1997802 1
1997803 1
1997805 1
1997808 1
1997809 1
1997810 1
1997813 1
1997814 1
1997818 1
1997819 1
1997820 1
1997822 1
1997824 1
1997826 1
1997830 1
1997832 1
1997833 1
1997834 1
1997836 1
1997838 1
1997839 1
1997840 1
1997842 1
1997844 1
1997846 1
1997848 1
1997849 1
1997851 1
1997852 1
1997853 1
1997854 1
1997855 1
1997856 1
1997857 1
1997864 1
1997865 1
1997866 1
1997867 1
1997868 1
1997871 1
1997872 1
1997876 1
1997877 1
1997878 1
1997880 1
1997881 1
1997882 1
1997883 1
1997884 1
1997885 1
1997886 1
1997890 1
1997891 1
1997892 1
1997895 1
1997896 1
1997897 1
1997898 1
1997900 1
1997903 1
1997907 1
1997909 1
1997910 1
1997911 1
1997912 1
1997913 1
1997915 1
1997916 1
1997919 1
1997921 1
1997922 1
1997923 1
1997926 1
1997929 1
1997931 1
1997934 1
1997937 1
1997939 1
1997940 1
1997942 1
1997944 1
1997945 1
1997946 1
1997948 1
1997956 1
1997958 1
1997960 1
1997963 1
1997966 1
1997969 1
1997971 1
1997974 1
1997975 1
1997979 1
1997980 1
1997981 1
1997982 1
1997985 1
1997986 1
1997987 1
1997988 1
1997990 1
1997991 1
1997996 1
1997999 1
1998001 1
1998003 1
1998006 1
1998007 1
1998008 1
1998009 1
1998010 1
1998011 1
1998021 1
1998022 1
1998023 1
1998025 1
1998028 1
1998032 1
1998033 1
1998034 1
1998035 1
1998039 1
1998040 1
1998043 1
1998045 1
1998048 1
1998050 1
1998051 1
1998055 1
1998056 1
1998059 1
1998062 1
1998063 1
1998065 1
1998066 1
1998067 1
1998068 1
1998070 1
1998071 1
1998073 1
1998075 1
1998081 1
1998085 1
1998089 1
1998093 1
1998096 1
1998097 1
1998098 1
1998104 1
1998105 1
1998108 1
1998109 1
1998110 1
1998112 1
1998113 1
1998116 1
1998117 1
1998119 1
1998120 1
1998121 1
1998122 1
1998124 1
1998125 1
1998126 1
1998127 1
1998128 1
1998133 1
1998134 1
1998135 1
1998137 1
1998140 1
1998143 1
1998146 1
1998148 1
1998152 1
1998153 1
1998155 1
1998156 1
1998160 1
1998161 1
1998162 1
1998163 1
1998164 1
1998166 1
1998169 1
1998170 1
1998171 1
1998176 1
1998178 1
1998181 1
1998183 1
1998184 1
1998186 1
1998187 1
1998190 1
1998192 1
1998193 1
1998194 1
1998195 1
1998196 1
1998197 1
1998200 1
1998205 1
1998206 1
1998207 1
1998209 1
1998211 1
1998213 1
1998214 1
1998217 1
1998218 1
1998219 1
1998222 1
1998223 1
1998224 1
1998227 1
1998231 1
1998232 1
1998233 1
1998234 1
1998241 1
1998243 1
1998245 1
1998246 1
1998248 1
1998251 1
1998253 1
1998262 1
1998263 1
1998264 1
1998265 1
1998270 1
1998272 1
1998273 1
1998274 1
1998277 1
1998281 1
1998287 1
1998288 1
1998289 1
1998292 1
1998294 1
1998297 1
1998298 1
1998300 1
1998304 1
1998305 1
1998306 1
1998309 1
1998310 1
1998311 1
1998314 1
1998318 1
1998319 1
1998321 1
1998322 1
1998323 1
1998325 1
1998326 1
1998327 1
1998328 1
1998330 1
1998332 1
1998333 1
1998334 1
1998335 1
1998336 1
1998339 1
1998343 1
1998346 1
1998350 1
1998351 1
1998353 1
1998354 1
1998357 1
1998358 1
1998359 1
1998360 1
1998363 1
1998365 1
1998366 1
1998369 1
1998370 1
1998371 1
1998373 1
1998376 1
1998377 1
1998380 1
1998382 1
1998383 1
1998386 1
1998388 1
1998389 1
1998390 1
1998392 1
1998397 1
1998398 1
1998399 1
1998400 1
1998401 1
1998409 1
1998410 1
1998412 1
1998413 1
1998416 1
1998419 1
1998420 1
1998421 1
1998422 1
1998426 1
1998428 1
1998429 1
1998430 1
1998431 1
1998438 1
1998439 1
1998442 1
1998443 1
1998444 1
1998446 1
1998454 1
1998455 1
1998457 1
1998460 1
1998463 1
1998464 1
1998468 1
1998471 1
1998472 1
1998474 1
1998475 1
1998476 1
1998477 1
1998482 1
1998483 1
1998484 1
1998485 1
1998486 1
1998487 1
1998489 1
1998491 1
1998492 1
1998494 1
1998495 1
1998497 1
1998500 1
1998510 1
1998511 1
1998512 1
1998514 1
1998516 1
1998519 1
1998520 1
1998521 1
1998522 1
1998523 1
1998524 1
1998527 1
1998531 1
1998533 1
1998535 1
1998537 1
1998539 1
1998541 1
1998542 1
1998544 1
1998545 1
1998546 1
1998551 1
1998552 1
1998553 1
1998554 1
1998555 1
1998556 1
1998557 1
1998558 1
1998559 1
1998562 1
1998563 1
1998564 1
1998565 1
1998570 1
1998571 1
1998573 1
1998575 1
1998576 1
1998577 1
1998578 1
1998580 1
1998585 1
1998587 1
1998588 1
1998590 1
1998591 1
1998593 1
1998596 1
1998598 1
1998600 1
1998602 1
1998603 1
1998604 1
1998605 1
1998606 1
1998607 1
1998611 1
1998612 1
1998613 1
1998616 1
1998617 1
1998618 1
1998619 1
1998620 1
1998621 1
1998622 1
1998624 1
1998625 1
1998627 1
1998629 1
1998630 1
1998631 1
1998632 1
1998633 1
1998638 1
1998641 1
1998645 1
1998651 1
1998653 1
1998658 1
1998662 1
1998663 1
1998664 1
1998668 1
1998670 1
1998671 1
1998674 1
1998675 1
1998676 1
1998685 1
1998686 1
1998687 1
1998688 1
1998689 1
1998690 1
1998691 1
1998692 1
1998695 1
1998696 1
1998698 1
1998700 1
1998704 1
1998709 1
1998710 1
1998711 1
1998718 1
1998722 1
1998724 1
1998725 1
1998727 1
1998729 1
1998730 1
1998731 1
1998732 1
1998733 1
1998734 1
1998735 1
1998738 1
1998740 1
1998742 1
1998743 1
1998744 1
1998747 1
1998751 1
1998752 1
1998754 1
1998757 1
1998758 1
1998759 1
1998760 1
1998763 1
1998764 1
1998766 1
1998767 1
1998769 1
1998772 1
1998773 1
1998774 1
1998776 1
1998781 1
1998782 1
1998785 1
1998786 1
1998787 1
1998789 1
1998793 1
1998795 1
1998801 1
1998803 1
1998805 1
1998806 1
1998807 1
1998810 1
1998811 1
1998813 1
1998814 1
1998817 1
1998818 1
1998819 1
1998821 1
1998822 1
1998824 1
1998825 1
1998827 1
1998831 1
1998832 1
1998834 1
1998835 1
1998839 1
1998841 1
1998843 1
1998844 1
1998846 1
1998850 1
1998851 1
1998852 1
1998855 1
1998856 1
1998858 1
1998860 1
1998861 1
1998862 1
1998865 1
1998866 1
1998867 1
1998868 1
1998871 1
1998873 1
1998874 1
1998875 1
1998876 1
1998877 1
1998878 1
1998879 1
1998880 1
1998881 1
1998883 1
1998884 1
1998885 1
1998887 1
1998891 1
1998892 1
1998893 1
1998894 1
1998895 1
1998898 1
1998899 1
1998901 1
1998903 1
1998904 1
1998906 1
1998909 1
1998912 1
1998914 1
1998917 1
1998918 1
1998919 1
1998923 1
1998927 1
1998928 1
1998930 1
1998933 1
1998936 1
1998937 1
1998938 1
1998939 1
1998940 1
1998941 1
1998942 1
1998943 1
1998944 1
1998946 1
1998947 1
1998948 1
1998950 1
1998951 1
1998955 1
1998957 1
1998958 1
1998961 1
1998963 1
1998964 1
1998967 1
1998969 1
1998972 1
1998974 1
1998975 1
1998979 1
1998980 1
1998981 1
1998982 1
1998984 1
1998985 1
1998986 1
1998987 1
1998989 1
1998991 1
1998992 1
1998993 1
1998994 1
1998995 1
1998996 1
1998999 1
1999000 1
1999004 1
1999008 1
1999009 1
1999013 1
1999015 1
1999016 1
1999018 1
1999020 1
1999025 1
1999026 1
1999029 1
1999031 1
1999032 1
1999034 1
1999039 1
1999041 1
1999042 1
1999043 1
1999047 1
1999049 1
1999050 1
1999051 1
1999053 1
1999057 1
1999060 1
1999061 1
1999062 1
1999065 1
1999066 1
1999068 1
1999073 1
1999077 1
1999078 1
1999079 1
1999081 1
1999083 1
1999087 1
1999088 1
1999089 1
1999090 1
1999092 1
1999093 1
1999094 1
1999098 1
1999100 1
1999102 1
1999103 1
1999104 1
1999105 1
1999106 1
1999112 1
1999114 1
1999119 1
1999120 1
1999123 1
1999124 1
1999126 1
1999128 1
1999129 1
1999130 1
1999134 1
1999135 1
1999136 1
1999138 1
1999142 1
1999144 1
1999150 1
1999151 1
1999153 1
1999154 1
1999155 1
1999159 1
1999161 1
1999162 1
1999165 1
1999166 1
1999168 1
1999170 1
1999171 1
1999175 1
1999176 1
1999177 1
1999180 1
1999181 1
1999183 1
1999184 1
1999187 1
1999191 1
1999192 1
1999193 1
1999201 1
1999202 1
1999203 1
1999204 1
1999205 1
1999206 1
1999207 1
1999208 1
1999209 1
1999210 1
1999211 1
1999217 1
1999218 1
1999219 1
1999221 1
1999226 1
1999227 1
1999229 1
1999231 1
1999234 1
1999235 1
1999236 1
1999237 1
1999247 1
1999250 1
1999252 1
1999256 1
1999257 1
1999261 1
1999262 1
1999263 1
1999264 1
1999265 1
1999267 1
1999268 1
1999270 1
1999272 1
1999274 1
1999275 1
1999276 1
1999277 1
1999278 1
1999279 1
1999280 1
1999281 1
1999282 1
1999283 1
1999286 1
1999287 1
1999288 1
1999289 1
1999291 1
1999294 1
1999296 1
1999298 1
1999299 1
1999302 1
1999303 1
1999304 1
1999312 1
1999313 1
1999314 1
1999316 1
1999318 1
1999319 1
1999320 1
1999322 1
1999323 1
1999324 1
1999326 1
1999327 1
1999328 1
1999330 1
1999331 1
1999334 1
1999336 1
1999338 1
1999341 1
1999344 1
1999346 1
1999347 1
1999349 1
1999351 1
1999352 1
1999354 1
1999355 1
1999356 1
1999358 1
1999359 1
1999360 1
1999363 1
1999364 1
1999366 1
1999368 1
1999369 1
1999375 1
1999378 1
1999380 1
1999381 1
1999382 1
1999383 1
1999384 1
1999385 1
1999386 1
1999387 1
1999388 1
1999390 1
1999392 1
1999397 1
1999402 1
1999407 1
1999408 1
1999409 1
1999412 1
1999414 1
1999427 1
1999430 1
1999431 1
1999433 1
1999435 1
1999440 1
1999441 1
1999442 1
1999444 1
1999446 1
1999448 1
1999449 1
1999451 1
1999452 1
1999459 1
1999460 1
1999466 1
1999468 1
1999469 1
1999470 1
1999471 1
1999472 1
1999473 1
1999478 1
1999479 1
1999482 1
1999484 1
1999485 1
1999486 1
1999488 1
1999489 1
1999491 1
1999494 1
1999496 1
1999498 1
1999505 1
1999506 1
1999510 1
1999513 1
1999514 1
1999517 1
1999518 1
1999520 1
1999523 1
1999525 1
1999526 1
1999527 1
1999528 1
1999529 1
1999530 1
1999531 1
1999532 1
1999533 1
1999536 1
1999538 1
1999539 1
1999540 1
1999543 1
1999546 1
1999549 1
1999551 1
1999553 1
1999556 1
1999557 1
1999560 1
1999562 1
1999563 1
1999565 1
1999566 1
1999567 1
1999568 1
1999569 1
1999571 1
1999572 1
1999575 1
1999576 1
1999577 1
1999580 1
1999582 1
1999583 1
1999585 1
1999588 1
1999592 1
1999598 1
1999600 1
1999603 1
1999613 1
1999617 1
1999618 1
1999620 1
1999621 1
1999622 1
1999623 1
1999627 1
1999628 1
1999629 1
1999630 1
1999632 1
1999633 1
1999634 1
1999635 1
1999637 1
1999638 1
1999639 1
1999642 1
1999643 1
1999644 1
1999645 1
1999646 1
1999647 1
1999648 1
1999649 1
1999650 1
1999651 1
1999653 1
1999654 1
1999655 1
1999656 1
1999658 1
1999660 1
1999661 1
1999662 1
1999665 1
1999666 1
1999670 1
1999671 1
1999673 1
1999674 1
1999676 1
1999678 1
1999680 1
1999681 1
1999684 1
1999686 1
1999688 1
1999690 1
1999691 1
1999693 1
1999697 1
1999699 1
1999700 1
1999701 1
1999705 1
1999708 1
1999710 1
1999713 1
1999714 1
1999715 1
1999716 1
1999717 1
1999718 1
1999719 1
1999720 1
1999721 1
1999722 1
1999725 1
1999729 1
1999730 1
1999732 1
1999734 1
1999736 1
1999738 1
1999739 1
1999741 1
1999744 1
1999745 1
1999747 1
1999749 1
1999751 1
1999752 1
1999753 1
1999757 1
1999758 1
1999760 1
1999763 1
1999766 1
1999767 1
1999768 1
1999769 1
1999770 1
1999773 1
1999774 1
1999776 1
1999777 1
1999781 1
1999782 1
1999784 1
1999785 1
1999789 1
1999790 1
1999793 1
1999797 1
1999799 1
1999803 1
1999804 1
1999808 1
1999809 1
1999811 1
1999812 1
1999813 1
1999815 1
1999816 1
1999817 1
1999818 1
1999819 1
1999821 1
1999822 1
1999824 1
1999825 1
1999826 1
1999828 1
1999829 1
1999832 1
1999833 1
1999836 1
1999839 1
1999840 1
1999841 1
1999843 1
1999844 1
1999845 1
1999848 1
1999849 1
1999850 1
1999852 1
1999853 1
1999854 1
1999855 1
1999856 1
1999858 1
1999860 1
1999865 1
1999867 1
1999868 1
1999872 1
1999873 1
1999880 1
1999881 1
1999882 1
1999885 1
1999887 1
1999891 1
1999892 1
1999898 1
1999899 1
1999901 1
1999902 1
1999903 1
1999905 1
1999909 1
1999911 1
1999912 1
1999913 1
1999919 1
1999922 1
1999924 1
1999926 1
1999927 1
1999928 1
1999929 1
1999930 1
1999931 1
1999932 1
1999934 1
1999935 1
1999936 1
1999937 1
1999938 1
1999939 1
1999946 1
1999947 1
1999949 1
1999950 1
1999951 1
1999952 1
1999955 1
1999956 1
1999957 1
1999958 1
1999959 1
1999961 1
1999963 1
1999966 1
1999967 1
1999968 1
1999970 1
1999971 1
1999974 1
1999975 1
1999976 1
1999978 1
1999981 1
1999982 1
1999989 1
1999990 1
1999992 1
1999993 1
1999994 1
1999995 1
1999996 1
1999997 1
1999998 1
2 514947
1 675
2 1584780
2 1910582
2 1707580
2 374334
1 1092
2 551669
2 1806010
2 844978
2 82352
2 188680
2 1284030
2 460168
1 1552
2 618438
2 822176
2 1074583
2 155909
2 404396
1 577
2 533741
1 83
2 352295
1 590
2 1863511
2 86979
2 85596
2 1232569
1 597
2 1744450
2 665404
2 1777271
2 244044
2 936689
2 1902074
2 387531
2 706293
2 1107361
1 897
1 628
2 1669683
2 952208
2 592670
2 755550
2 17694
2 1934681
2 521711
2 1081058
2 614720
1 1289
1 232
2 1270438
2 1402051
2 1131944
2 1128122
2 656558
1 541
2 987560
2 643987
1 766
2 716074
2 1727256
2 383468
2 1568160
1 852
2 1692284
2 1223212
2 1044507
2 1348180
2 68087
1 1135
1 387
2 646
2 932835
2 1000903
2 1270238
2 94965
2 264495
1 1940
2 1349255
2 991578
2 1038194
2 1538272
2 860564
2 582359
2 1901088
2 30265
2 1688007
1 1009
2 1606331
2 517933
1 633
2 806966
2 928222
2 1556631
2 503345
2 494004
2 1766408
1 771
1 892
2 184581
2 284918
2 1240880
2 1530947
2 1264245
2 1049502
2 819933
2 362181
2 943181
2 849954
2 331738
2 39343
2 904801
1 1883
2 1916908
2 1075879
2 401912
2 874638
2 1272419
2 467005
1 846
2 1945878
2 488827
2 1526267
2 1760882
2 1683670
1 225
2 744591
1 1319
2 274824
1 834
2 1796589
2 1152300
2 1326022
1 1146
2 1334114
2 189741
2 511083
2 1493862
1 489
2 1772727
2 887095
2 463276
1 720
2 1528094
2 629124
2 519258
2 1636080
2 627638
2 1152700
2 1169427
1 266
2 399171
2 1679912
2 1148836
2 765533
2 659377
2 604382
2 875147
1 1002
2 1269029
2 1873414
2 1687944
1 856
1 161
1 84
2 376484
2 437220
1 132
2 1131102
1 383
1 193
2 1275060
2 1621575
2 524365
2 1513962
1 1268
2 390735
2 1640251
1 276
2 1564118
1 85
2 1194584
1 467
2 463568
1 822
2 461547
2 1339090
1 981
2 138485
2 223893
2 92068
2 928373
1 189
2 1749081
2 357518
2 445316
1 1231
2 827011
2 1397947
2 247920
2 548200
2 1059962
2 1204916
2 1890492
1 81
2 843897
2 1458629
2 255417
2 1031794
2 175994
2 910692
2 150068
2 109911
2 1436613
2 891805
2 1968518
2 1688004
2 1770859
2 1313809
2 1194945
2 1358331
2 1651621
2 1369110
1 112
2 1790960
2 1046819
1 1344
2 1733362
2 198687
2 277731
2 1864695
2 148327
2 1199850
2 1695557
2 1040120
2 66796
2 645049
2 1158885
1 1884
1 1081
2 1514875
2 178668
2 1801266
2 1787319
2 1693660
2 898706
2 951399
2 959177
1 343
1 116
2 359891
1 98
2 252789
2 474803
2 590379
2 703888
2 474351
2 634450
2 1433491
2 419502
2 1767184
1 807
2 1587084
1 434
2 118326
2 630092
2 428469
2 1888937
2 1776162
2 712903
2 864518
2 783647
1 176
2 1613290
2 1433776
2 1000921
2 435352
2 1893048
2 1359584
1 425
2 354382
2 305429
2 874779
2 741864
2 715248
1 329
2 1924796
2 1035209
2 1236443
2 1352272
2 282710
2 896369
2 1923923
2 1512457
2 1072948
2 1094771
2 352991
1 1556
2 1962235
2 1651025
2 1406138
2 1476985
2 1197828
2 517503
1 1398
2 1289895
2 1925384
2 602764
1 431
2 481655
1 474
1 789
2 211576
2 1706150
2 1767988
2 1221982
2 303377
2 63432
2 905198
2 486306
2 1226026
2 384162
2 1000574
1 827
2 992038
2 1774891
2 1457579
2 1267976
2 361473
2 1147737
2 1407758
2 1354891
2 810562
2 1263829
2 1771737
2 1064011
1 535
2 408200
2 1037116
2 1516994
2 1239554
2 1206447
1 163
2 482437
1 1077
1 1627
1 1178
2 1450216
2 1921471
2 1396330
2 100189
2 460101
2 1445800
2 502611
2 1319279
2 1840466
2 55012
2 1184322
2 210359
1 957
2 214746
1 1576
2 1674647
2 778360
1 1211
1 80
2 1005068
2 1923256
2 1065620
2 182553
2 1232976
2 431263
2 1963897
1 1471
2 1173364
2 1207721
2 1360742
2 1308077
2 804340
2 1938590
2 93442
2 912326
2 1826516
2 780297
1 303
1 1742
1 438
2 1037630
2 778556
2 661454
2 1913369
2 1688123
2 381187
2 624415
2 384685
2 785806
1 1223
2 1622665
2 577297
2 1777159
2 266835
2 240910
2 1614541
1 72
1 582
1 946
2 742332
2 648016
2 1253399
1 626
2 798465
2 972517
2 620453
2 1092069
1 1036
2 190109
2 1571722
2 1820444
2 1771727
2 1128279
2 904450
2 1066940
2 1962154
2 708084
2 1024448
2 89421
2 541521
2 1310061
2 1668657
2 1743632
2 551998
2 110190
2 42463
2 558483
2 943552
2 351940
1 110
2 1410837
2 1181691
2 730179
2 1730372
1 750
2 370306
2 1675473
2 1984128
2 1462501
1 1057
2 720353
1 2006
2 1394088
2 160804
2 857279
2 1695106
2 277652
2 1170651
1 79
2 1276992
2 45613
2 1831698
1 1147
2 210407
1 301
1 1068
2 609724
2 1333896
2 436545
1 463
1 1248
2 1597303
2 1472130
2 739925
1 695
2 817348
1 708
2 1355933
1 1540
2 1794918
2 589393
1 991
2 1563766
1 637
2 1179839
2 1358587
2 1961437
2 1751365
1 105
2 1874401
2 1613654
1 420
2 1344841
2 162405
2 726756
2 1291144
2 869531
1 106
2 188329
2 1286377
2 485506
2 1459644
2 453843
2 1772834
2 891993
2 979267
1 1065
2 469164
2 1996605
1 1599
2 810499
2 1997287
2 1330899
2 1272343
2 1173035
2 1955716
2 1632483
2 857545
1 497
2 552382
2 1256039
2 598468
2 1571369
2 946009
2 1909157
1 345
2 1545807
2 1811375
2 710255
2 1642147
2 1401281
2 1769678
2 432903
2 1658889
2 230090
2 1759062
2 1178669
1 1330
2 1702468
2 1083618
2 1823184
2 348923
2 1120963
1 4158
2 679731
1 446
1 843
2 1554885
2 717696
2 1294471
1 931
2 791244
2 1688233
2 712447
2 411346
2 1355565
1 456
1 1075
2 662235
1 923
2 1879729
1 705
2 1277415
1 382
2 386462
2 690420
1 716
2 4591
2 1104852
2 1488392
2 979387
2 936172
2 1989002
1 131
1 612
1 1277
2 285980
1 2222
2 473835
2 1493707
2 1149880
2 755846
2 1154659
2 1371710
2 610056
2 239685
2 295227
2 820152
2 843095
2 643817
2 690621
2 660838
2 731645
2 699107
2 813882
2 40115
1 526
1 364
2 792228
2 231561
2 344777
2 1246683
2 131291
2 239605
1 971
2 571459
2 1549883
2 527572
2 1985722
2 257990
2 1866309
2 1649430
2 670759
2 1148638
2 176311
2 144690
2 194398
2 1094759
2 660103
2 754793
2 1435589
2 1395232
2 24446
2 828284
2 451706
2 1131160
1 486
2 230112
2 450342
2 1687494
2 634929
2 1774301
2 810854
2 1951738
2 411228
2 1431691
1 1605
2 179274
1 1752
2 739665
2 73124
1 192
1 363
2 1875508
1 779
1 1042
2 1617011
2 441539
2 1554822
2 1223319
2 335251
2 517663
1 449
2 84818
2 1476568
2 51665
2 422665
1 1005
1 297
2 1915434
2 838936
2 743263
1 1624
1 318
2 746656
2 686581
2 455039
2 1008932
2 737725
1 519
2 1411535
2 1422327
2 912416
2 1398143
2 10552
2 1641838
2 1213594
2 1759664
1 1230
2 43205
2 1612445
2 1372839
2 1476658
1 323
1 933
2 1552225
2 1453246
2 1360406
2 1835720
2 1611875
1 97
2 1097789
2 49730
2 1927267
2 437473
2 970815
2 1503657
1 1121
2 753057
2 312862
1 1308
2 1148887
2 454860
2 1062244
2 1829505
1 405
2 1305550
2 1264069
2 798548
1 1371
2 72943
2 430769
1 128
2 1345129
2 20994
2 1646092
2 442413
2 1084875
2 836012
2 1330395
2 1043391
2 135515
2 1497964
2 156852
2 1009734
2 589255
2 308682
2 1599488
2 53986
2 1522034
1 133
2 976244
2 1944877
2 1240441
2 1190072
2 837882
2 182777
2 141489
2 1039451
2 1952332
2 962274
2 1214776
2 1904434
2 1125273
1 835
1 905
1 478
2 1426947
1 646
2 207565
2 629406
2 1275225
2 991582
2 6561
2 673550
2 1324647
2 1063873
2 240847
1 1356
2 1127313
2 888473
1 644
1 1112
2 25663
2 1185097
2 1217200
2 1877723
2 1674561
2 1037076
2 1376461
2 1269823
1 854
1 238
2 892146
2 1349840
2 1872486
1 321
2 340730
2 416458
2 1281470
2 1913267
2 1907929
2 1892501
1 655
2 1481345
1 603
2 1626407
2 447668
2 633198
2 1396084
2 1020755
2 782101
2 1746802
2 1300194
2 386202
2 503270
2 563377
1 815
2 147392
1 930
2 1943459
2 1944960
2 395270
2 1530809
1 699
1 1262
2 938084
1 709
2 1466995
2 1835913
2 1475553
2 114861
2 1436527
2 1524988
2 1870421
2 1131371
2 862304
2 273809
2 1268392
2 983005
1 403
2 1432387
1 1256
2 1528537
1 677
2 969948
2 110830
2 949614
1 148
2 536052
2 1121771
2 1042344
2 68009
2 1259822
2 1927406
1 1961
2 1442749
1 703
2 1067465
2 1982967
2 924891
2 617138
2 1163069
2 1880122
2 129770
2 598182
2 1259999
1 554
2 54354
2 1407916
1 958
1 229
2 281190
2 547445
2 176916
2 811323
2 1070571
2 1738648
2 1036024
2 554097
2 865098
1 311
2 419536
2 1294327
2 349262
2 1400041
2 1032192
1 356
2 1124562
2 1856758
2 911068
2 1302350
2 1102345
2 801797
2 577666
2 1618169
2 1636485
2 879509
2 1398138
2 321422
2 74307
2 1204727
2 689135
2 848963
1 927
2 106032
2 1923888
2 847130
2 1222877
2 1103248
2 1288449
1 1380
2 140397
2 1870337
1 914
2 824095
1 953
1 963
2 121663
2 730700
2 600067
2 1016254
2 1258361
2 1980773
2 637862
2 1376276
2 1138329
2 1575811
2 302000
2 1452226
1 102
2 1121374
2 1412120
2 69025
1 470
1 1430
1 386
2 1513251
2 1132271
1 455
2 218423
2 1072445
2 1121751
2 1669199
2 414301
2 840628
2 686713
2 199152
2 1548355
2 859744
2 1061756
2 1407474
2 924023
2 1821840
1 571
2 38900
2 1827935
2 406449
1 352
1 226
2 39095
2 1920943
2 1856824
1 283
2 272070
1 1415
2 1988544
2 500529
2 128449
2 583628
1 250
2 1513142
2 1178015
2 1525214
2 1682268
2 1755085
2 1789933
2 1637209
2 333497
2 718218
2 183522
2 755959
2 343337
2 1297596
2 543329
2 1228744
1 630
1 77
1 236
1 338
2 1395424
2 629421
1 891
2 1032094
2 6192
2 407419
1 820
2 935613
1 194
2 1707658
2 978653
2 627464
2 1404204
2 742957
2 1034707
2 1310269
2 597394
2 1860611
1 548
2 1679580
1 724
1 457
1 1413
2 548847
2 1810664
2 90022
2 141128
2 1923695
2 742703
2 1498478
2 1979196
2 1727673
2 131887
2 1205866
2 1958133
2 960797
1 361
2 938204
2 1253344
2 194959
2 1501754
2 1409666
2 134456
1 918
1 220
2 1528003
2 1947493
2 932020
1 1257
2 689304
2 1132971
2 1134558
2 585553
2 1181721
2 143772
2 569747
2 415353
2 1522860
2 1529531
2 186637
2 94487
2 1125924
2 387565
2 1088780
2 1437394
1 1392
2 1514529
2 252038
2 665931
2 1418467
2 950051
2 1616730
2 921615
2 249198
2 1834001
1 1007
2 1409110
2 1369728
2 768435
1 212
2 831658
2 244927
2 1821319
1 1012
1 1432
2 1005419
2 1613533
2 1282051
2 1111008
2 1683843
2 1200130
1 871
2 946995
2 1714147
2 667108
2 259308
2 54897
2 621204
1 462
2 633595
2 1629111
2 1446145
2 1514809
2 1311593
2 472998
1 298
2 535130
2 670643
2 453675
2 388352
2 830577
2 92515
2 1519187
2 1602175
2 1481159
2 1604653
2 443168
2 957092
2 911608
2 504790
2 426545
2 236986
1 376
2 1507684
2 408035
2 1820169
1 1175
2 1815991
2 1475754
2 758113
2 1605169
2 1939616
2 1627389
2 487918
2 92190
1 895
2 1948748
2 780223
2 1164469
2 42057
2 11769
1 280
2 1132804
2 893847
2 1431555
2 47274
2 334432
2 619807
2 400617
2 1864469
1 465
2 611341
2 65112
2 165631
2 400930
2 15764
2 928421
2 884513
2 1770580
2 1154503
1 291
2 1502901
2 988095
2 1177337
2 177350
2 1151248
2 1870522
1 887
2 1887161
2 1340955
2 380570
2 1586979
1 120
2 766173
1 118
2 662933
2 599141
1 524
2 543277
1 1021
2 1685473
1 481
2 57532
2 282284
1 943
2 1945849
2 427619
2 337601
1 427
1 658
1 334
2 195319
1 645
1 100
2 1585645
2 396956
2 621164
2 1425423
1 339
2 1183055
1 185
2 1235829
1 267
2 1397891
2 634325
2 1045419
1 591
2 692117
1 299
2 53486
1 180
2 116440
2 798887
1 258
2 1549775
2 723050
2 1594186
2 198473
2 1984338
1 1449
1 801
2 747622
1 433
2 87359
2 388307
2 610123
2 1186779
2 361236
1 580
1 832
2 148872
2 581553
2 1177263
1 325
2 696482
1 1994
1 560
2 170544
2 1635051
2 766011
2 37632
2 609716
2 61246
2 775777
2 1170177
2 1618268
1 1100
2 1265772
2 1431270
2 1294082
2 1666555
2 384129
2 1072169
1 950
1 1334
1 1573
2 935466
2 1502838
2 1047341
2 1887107
2 1433113
2 1233305
1 326
2 335204
1 1399
2 1142260
2 544800
2 1717853
2 1203273
1 231
2 1902759
2 1345092
1 567
2 850695
1 210
2 1703166
2 342167
2 314128
2 1080645
2 1519815
2 1260553
2 210591
2 340362
2 270930
1 545
2 181210
2 119831
2 1060604
2 326469
2 463801
1 103
2 511953
2 93049
2 1388426
2 1500810
1 748
2 1553967
1 729
2 1631180
2 1615818
1 4773
2 274266
2 183525
2 626353
2 582896
1 986
2 1748134
2 906527
2 853365
2 1996849
2 135438
1 1069
2 525902
1 1053
2 438817
2 1230524
2 555231
1 572
2 237496
2 1937281
2 1963307
2 609624
2 1964749
2 1428662
2 42155
2 139669
2 451566
1 1094
1 154
2 1180147
2 1383775
2 1704249
2 1870283
2 910698
2 816829
2 77259
2 1699213
2 1506945
2 1516996
1 418
2 453187
1 1038
2 1215348
2 1541761
2 1082056
1 976
2 1696343
1 436
2 577474
2 1563804
2 440079
2 993716
2 1515542
2 740462
2 1135750
2 1719565
2 1075877
2 756144
2 741674
2 787287
2 1811097
2 1793630
2 83438
2 597797
1 165
2 1076227
2 413363
1 1218
2 841102
2 1577943
1 137
2 1589037
1 2126
2 1738975
2 302721
2 821217
2 1996710
1 322
2 1543140
1 113
2 1840906
2 23575
1 1374
2 869809
1 781
1 1162
2 1595274
2 438992
2 1580675
2 785000
2 1573197
1 586
1 287
2 409935
1 751
2 1865136
2 1069260
2 1529286
2 991196
2 1652619
2 324407
1 538
2 306097
2 595994
2 252088
1 82
2 406266
1 998
2 1426646
2 101288
2 5729
2 405445
2 1050182
2 1170435
2 584845
2 279092
2 1242995
2 454519
2 1643715
2 1671561
2 1219963
2 982461
1 593
2 512650
2 945713
2 934197
2 935185
1 306
2 855158
2 1217497
1 149
1 812
2 1638030
2 1133866
2 1716608
2 535985
2 1602091
2 1374134
2 1908110
2 1266177
2 934632
1 395
2 557309
2 638530
2 1028675
2 592427
1 714
2 34980
2 349121
2 1059137
2 1173379
2 483459
2 357487
1 372
2 244512
2 399365
2 1725249
1 551
2 1177756
2 873193
1 1388
2 1539349
2 1886914
2 174402
2 1262382
2 1572992
2 1812460
2 1386946
1 844
1 544
1 375
2 1906621
2 1038706
2 1235641
2 1353510
2 870884
2 349033
2 1473124
2 1334226
2 995655
2 1918936
2 941227
2 1300870
2 1817936
1 2250
1 340
2 1703575
2 1473195
1 1018
2 639028
1 1004
2 190632
2 1410315
1 657
2 286220
1 254
1 1897
2 248556
2 1041732
2 680720
2 856727
2 1439882
2 1854247
2 406135
1 791
2 1596230
2 437044
2 479377
2 1208659
2 1158798
1 261
2 1555353
1 741
2 1562090
2 1387562
2 448981
2 802796
2 400751
2 943591
2 153183
2 1938424
2 1627611
1 817
2 667303
2 845995
2 1565758
2 623602
2 211298
2 950653
2 444410
1 1055
2 1812695
2 814458
2 996313
2 158086
2 152364
2 1148374
2 861479
2 697762
2 770875
2 292431
1 450
2 1186626
1 1194
2 1008351
2 1638974
2 374899
2 641571
2 539716
2 1735445
1 305
2 781756
2 237543
2 1723200
2 1526039
2 604138
2 1723458
2 1538281
2 448500
2 1148598
2 371114
2 698827
2 50885
2 1779115
2 1058051
2 1344799
2 701094
2 24775
2 1618008
2 1446081
2 1327826
2 1164918
2 641340
1 277
2 186310
2 832495
2 810965
1 984
2 744978
2 535469
2 724943
1 1188
1 1508
2 1548866
2 1771489
2 487060
2 502223
1 92
2 1769033
2 40269
2 1151105
2 1417134
2 1589076
2 3684
2 1090156
2 647490
2 868299
2 1186189
1 951
1 483
2 1902157
1 611
2 482434
2 1965555
1 3730
2 1555903
1 1259
1 1026
2 1634356
2 1893891
1 342
2 480505
2 1419289
2 933936
2 341809
2 1331485
2 1837054
2 1284196
2 923445
2 418220
1 388
2 1721345
2 1664396
2 297554
1 222
1 1096
2 677158
2 276897
2 1277450
1 769
2 157783
2 282517
2 856626
2 1071319
2 624903
1 907
2 91830
2 956916
2 1644021
1 121
2 1184584
2 101868
2 689734
2 588592
2 1966947
2 322615
2 16456
2 309985
2 938797
2 1456081
2 207572
2 996878
2 438977
2 863693
2 728227
2 22614
2 908887
2 598617
2 119087
2 1000541
2 1988289
2 386685
2 601003
2 243263
1 713
2 955032
2 753085
2 741809
2 158048
2 15323
2 1855185
2 252321
1 1917
2 549727
2 729686
2 1391100
1 1511
1 341
2 1435897
1 1001
2 1727009
2 424427
2 1573567
2 1117529
2 584877
2 687963
2 1261034
2 184362
2 290734
2 1203103
2 1295392
2 83611
2 1055508
2 1815195
2 1881289
2 960533
2 1604366
2 349028
2 972811
2 194575
2 1577978
1 542
1 884
2 92337
2 1751112
2 139225
2 1793040
2 887479
2 1297427
2 576493
2 414743
2 1474812
2 69010
2 472384
2 14950
2 522178
2 598896
2 837900
2 975761
2 1141766
2 1114599
2 740644
2 1902941
2 171521
2 682828
2 266548
2 869405
2 719946
1 275
2 1680955
2 689181
2 1341465
2 1322318
2 591694
2 1765373
2 493807
1 1426
1 1709
2 146463
2 1902252
1 206
2 1037256
2 432743
2 1963403
2 1479671
2 9428
2 475473
2 1692865
2 91626
1 880
2 576301
2 864994
2 79310
1 823
1 614
2 491442
2 1752497
2 410850
2 1503154
2 306736
2 1990467
1 230
2 1590499
2 4976
2 296567
2 1715021
2 1779996
2 1740598
2 1914343
2 1159112
2 1394767
2 573346
2 1009385
2 54719
1 1832
2 715706
2 1417359
2 1032595
2 767700
2 133655
2 1647057
2 1739142
2 483049
2 825456
1 1199
2 944587
2 1772724
2 1119019
2 1801298
2 875949
2 952121
2 1937338
2 1781187
2 337475
2 695758
2 1338799
2 555595
2 833119
2 308169
2 1732448
2 203410
2 898233
1 949
2 1457839
2 987540
2 253516
2 294864
2 1178218
2 1466017
2 1486048
2 1433043
2 900427
2 1012923
1 1029
2 464449
2 1567802
2 14524
2 738890
1 2114
2 1229741
2 28846
2 1738199
1 816
1 700
2 1313489
2 913907
2 1657125
2 1275319
2 865330
2 1104468
1 265
2 1359279
2 1596439
2 1365156
2 1974818
2 1707558
2 1015987
2 179458
2 1470074
2 832304
2 1203281
2 1055509
2 1416799
2 548723
2 410281
2 1588098
2 1146466
2 1558614
2 1975441
2 722791
2 1863239
1 153
1 778
2 942308
2 676294
2 1392763
2 781600
2 1002368
2 1069037
2 19561
2 1974554
2 1679278
2 1470430
2 1794616
2 1119412
2 1506129
2 1087868
2 388757
2 1565434
2 900259
2 794247
2 794196
2 1040391
2 1207145
2 1738298
1 795
2 566308
2 1011982
1 160
2 856777
1 1341
2 1531784
2 769383
1 1150
2 87069
2 160779
2 479700
1 1048
2 1402743
1 500
2 1951274
2 51231
2 943994
1 1152
2 127732
2 1276541
2 596878
2 1663647
2 662252
2 1844828
2 296466
1 156
2 1078765
2 1610443
2 1035510
2 1084578
1 563
2 437212
1 889
2 831080
2 309409
2 618139
1 162
1 1033
2 287196
1 127
2 1857437
2 486566
1 328
2 915993
2 1084726
2 1217313
2 711734
2 1388470
1 754
1 1670
1 199
2 966106
2 305151
2 196698
2 1130224
1 1949
2 60338
2 1552449
1 505
1 1176
2 572310
2 1659067
2 134818
2 1201508
1 1111
1 296
2 1280558
2 159675
2 1569805
1 929
2 757229
2 1696966
2 17713
2 1904231
2 1720191
1 1419
1 1052
1 888
2 1098043
2 1536422
2 1266317
1 510
2 1141573
1 786
2 1403124
2 24526
2 434128
1 143
2 1787832
2 180773
2 773560
2 83397
2 892287
2 107582
2 1728427
2 160210
2 989566
2 1637049
1 202
1 349
2 1966799
2 759564
1 1860
2 74749
2 496184
2 403791
2 1520066
2 1040256
1 2193
2 1265424
2 840540
2 1830628
2 1785017
2 1020397
2 1103756
2 1932982
2 540719
2 1695968
2 1389364
2 58257
2 1330596
2 1164057
2 1202772
2 313720
1 598
1 814
2 1082935
2 1901007
2 947197
2 506864
2 1616148
2 1050084
1 520
2 41259
1 252
2 1423198
2 908007
1 668
1 627
1 609
2 1185288
1 678
2 679519
1 1165
2 565377
1 1950
2 436891
1 278
2 548298
1 738
1 1788
1 344
2 846121
1 466
2 1592915
2 738163
2 542574
2 986273
1 821
2 1879467
2 262406
1 129
2 1650839
2 1304844
1 1299
2 1254296
2 1663668
2 665458
2 1229254
1 208
2 1898451
2 107283
2 489321
1 487
2 1907711
2 912603
2 1931714
2 899015
1 546
2 1059727
1 359
2 1779948
2 1193999
2 88892
2 1448693
2 1391083
2 1993223
2 955035
2 427006
2 339870
2 968219
2 1245870
2 1135642
2 172136
2 556362
2 1281422
1 472
1 1368
1 175
2 1080504
1 335
2 1875557
2 94577
2 401469
2 144738
2 1122985
2 801373
1 399
2 1566083
2 633736
2 775494
2 1603799
2 1207557
2 975862
2 910569
2 373699
2 452444
2 494504
2 1157332
2 434768
2 1284210
2 954673
1 86
2 4663
2 1772037
2 470539
1 858
2 1754132
2 1306632
2 671656
2 1351215
2 1649936
2 1928133
2 593262
2 638717
2 799665
2 105459
2 288236
2 507462
2 1307142
2 1808229
2 1001958
2 1431715
1 1087
1 271
1 662
1 1074
2 652522
2 845174
2 608748
2 1877620
1 1273
2 329944
2 1660796
2 1008463
2 1285296
2 395053
2 1831655
2 1002553
2 935692
2 636167
2 613722
2 703320
2 1617374
1 300
2 1179934
1 1618
2 263952
1 540
2 1866914
1 552
2 1390291
2 1328988
2 1472786
2 681237
2 466707
2 1631780
2 206899
2 1856257
2 78366
1 1411
2 1263956
2 1855887
1 1447
2 832679
2 1451068
1 264
2 589271
2 1431623
2 1683661
1 224
2 889505
2 184369
2 876708
1 1325
2 1814797
2 443119
1 999
2 1702658
2 450934
1 513
1 155
2 1057481
1 1107
1 851
1 735
2 511087
2 370946
2 1906469
2 807471
2 1711735
2 841214
2 69223
2 826436
2 1010223
2 1447047
2 34062
2 1203387
1 109
2 755240
2 1128646
2 1634983
2 478436
2 1840304
1 682
2 426043
1 88
2 291525
2 152911
2 1224324
1 1003
1 601
2 1398410
2 23326
2 1289371
2 537348
2 359781
2 1070533
2 1105663
2 427598
2 1748037
2 415633
2 560281
1 785
1 1327
2 80326
2 456231
2 1849049
2 1071021
2 292623
2 1669842
2 1908471
2 1485868
2 1674952
2 781231
2 744550
2 631901
2 564931
2 444706
2 797032
2 1143842
1 320
2 1681826
1 641
2 529887
2 763354
1 1938
1 1329
2 884252
2 1189950
2 557402
2 263702
2 263651
2 1825837
2 847082
1 270
2 486750
2 1044981
1 965
2 1976251
2 1969634
1 89
2 1927658
2 1295489
1 925
1 608
2 1981715
1 942
2 1445568
1 659
2 296460
2 1854539
2 219513
2 1998171
2 1222916
1 982
2 1362513
2 604105
2 20344
2 1760751
2 233864
2 321464
2 443197
2 1750862
2 1659497
1 956
2 1089258
2 916669
2 721659
2 5532
2 528128
2 832107
2 1316395
2 1260576
2 1547039
2 1477926
2 1748675
2 962498
2 1563907
2 391170
2 1694216
2 541443
1 802
2 524072
2 631799
2 510919
1 727
2 397775
2 560606
2 810274
2 1112959
2 1889980
1 955
2 1223046
2 368530
1 183
2 383476
2 314370
2 704410
1 75
2 194200
2 1510817
2 850432
2 1036054
1 964
2 795368
2 659574
2 1178834
2 1241436
2 740001
2 69702
2 1501920
2 687915
2 540107
2 1758782
1 507
2 1407263
2 1570139
2 522018
2 1688604
2 1633921
2 464260
2 471950
2 1460482
1 1658
2 676682
2 1914408
2 387489
2 441082
1 739
2 307199
2 1656920
2 269007
2 362659
2 551066
2 1251473
1 1406
2 538636
2 535806
1 995
2 203811
2 1261815
2 1184657
2 29995
2 363007
2 965716
2 180301
2 1464416
2 1259309
2 30285
2 1069883
2 370498
2 1877679
2 530120
2 1291639
2 732767
2 1821929
2 1513821
2 244237
2 110287
2 645934
1 1014
2 571724
2 1093193
2 1613857
2 113575
2 1654091
2 1402738
2 344956
2 708189
1 839
2 1305344
2 475367
1 629
1 134
2 240401
2 500721
1 1694
1 604
1 1286
2 1923584
2 239840
2 1333628
2 1007048
1 936
2 5794
2 1843521
2 1022120
2 1975388
1 242
2 1551792
1 562
2 1407946
2 112967
2 845695
2 1348682
2 1805902
2 1932926
1 272
2 475005
2 1645259
2 1543918
2 437655
2 360865
2 231331
1 522
2 646876
1 255
2 1693572
2 792183
2 1922720
2 1841190
2 1571118
2 1520688
2 1691911
2 244077
1 1078
2 1299375
2 1488837
1 1372
2 1174802
2 235582
2 330248
1 384
1 286
1 492
2 136985
2 969841
2 283115
2 1530806
2 297201
2 1864007
2 1277205
1 1669
1 605
2 1599260
2 676281
1 1642
2 404036
2 1413519
2 1279907
2 1153110
2 193756
2 1915227
2 1597329
2 429590
2 1603025
2 99723
1 1137
2 1181507
2 1574866
2 1923786
2 458613
1 1525
2 538242
2 1927884
2 575634
2 1304919
2 845331
2 878985
2 761450
2 286477
2 1486250
2 311688
2 773648
2 1993776
2 1019293
2 449950
2 991197
2 1035837
2 1938817
2 1786565
2 1814426
2 5953
2 1059344
2 1811509
2 1220677
2 1442091
2 1941485
1 454
2 465760
2 1229693
2 1690168
1 681
2 422467
1 95
2 1138936
2 1984963
2 107268
2 28279
2 184271
2 1608045
2 179931
2 1292799
1 916
2 266396
1 398
2 1502599
2 167470
2 1111154
2 831015
2 1739200
2 282442
2 1613191
2 1478142
2 685735
2 168740
2 1687507
2 1742168
1 1444
2 609063
1 90
2 172802
2 371176
1 1102
2 901484
2 298204
2 1803970
2 1214356
2 586135
2 890131
1 319
2 1974891
1 1028
1 1149
2 1968592
2 456052
1 237
2 199833
2 1739479
2 178956
2 1256362
2 1280771
2 559996
1 1425
2 1486367
2 1912358
1 1460
2 297823
2 119591
2 124892
2 1330661
2 41179
2 916878
2 841724
2 1577991
1 151
2 1035867
2 1083294
2 1827501
2 1331558
2 1423653
1 1105
1 1504
2 789853
2 137413
2 1371784
2 1326262
2 651766
2 176810
2 1596203
2 971470
2 1282391
2 226889
2 468221
2 798466
2 639817
2 757146
1 634
2 1096827
2 700386
2 780305
2 1989006
1 1148
1 289
2 1522136
2 803352
2 61256
1 496
2 33485
1 429
1 1963
2 1168305
2 1115629
2 827220
2 487143
2 360441
2 1589062
2 1118732
2 148685
2 1829722
2 1395621
1 125
1 358
2 1577046
1 642
2 1214501
2 472974
2 123033
2 1390304
2 875445
2 98972
1 1696
1 150
2 1645451
2 971248
1 1313
2 374142
2 136239
2 750971
2 1144400
2 329819
2 1851981
1 1489
2 572586
1 886
2 715546
2 978331
2 1461115
2 1561110
2 672531
2 557056
1 666
2 1630705
2 1762010
1 2292
2 1589136
2 636180
2 1195706
2 1110522
2 519349
2 387364
2 742705
2 909695
2 1396340
2 389131
1 900
2 1515891
2 769080
2 768554
2 1004956
1 304
1 1458
2 887460
2 560301
2 666422
1 1491
1 1173
2 1043418
1 101
1 1350
2 1480573
1 1158
2 975358
1 263
2 1964676
2 304455
2 404299
2 442059
2 1479822
2 1169823
2 1650775
2 845695
2 1884739
2 242532
2 241672
2 1407493
2 57710
2 1583653
2 1942186
2 569005
2 1677293
1 1307
2 1061689
1 719
2 1483630
2 1462344
2 1956293
2 162232
1 1499
2 1336161
2 1054306
1 746
1 652
1 247
2 1170751
2 1272405
1 316
2 600461
2 637974
2 1818166
2 1857509
2 571732
2 209733
2 305995
2 260054
2 247252
2 441841
2 549021
2 1348510
2 724805
1 1216
2 806581
2 98916
2 1689904
1 1051
2 1504128
2 390408
2 952142
2 389100
2 1910508
2 657589
2 1071205
2 790067
2 825951
2 1171260
2 389626
2 579984
2 392567
2 999631
2 89452
2 202173
2 1338829
2 98251
2 1743568
2 1695529
2 1163358
2 822907
1 2365
1 274
2 666353
2 1466761
2 1212847
2 751120
2 803980
2 968615
2 439066
2 1700368
2 246481
2 1028696
1 1417
1 1213
2 156192
2 700227
2 1867104
2 1820164
2 579939
2 798525
1 195
2 588421
2 1323315
2 987046
2 95769
2 1228659
2 1057275
2 219623
2 783839
2 448048
2 847373
2 1290487
1 139
2 169896
2 1962416
2 1155971
2 721755
1 362
2 1021189
2 1543000
2 1535227
2 1273815
2 234266
2 1751122
2 1448830
2 1590902
1 575
2 1393553
2 575496
2 1890021
2 1035938
2 92821
2 1693225
2 141217
2 1924797
2 332284
2 534702
2 983311
2 1588050
1 412
2 1209965
2 437738
2 1073016
1 484
2 138961
2 903416
2 628491
2 898498
2 620144
2 350559
2 690138
2 664809
2 1723122
2 1584802
2 772142
1 890
2 489607
1 442
2 1931266
2 141296
2 1943314
2 1061607
2 1916570
1 243
1 1635
2 809104
2 1198829
1 1339
2 827529
2 565063
1 1730
2 1730640
2 1959911
2 1511275
2 1594547
2 1033621
2 1380533
2 134364
2 1254868
2 1586184
2 1165290
1 1060
2 1347695
2 464269
1 704
2 781915
2 683442
2 153834
1 310
1 585
2 528854
1 701
2 1382729
2 444809
2 880946
1 209
1 177
1 803
1 480
1 197
2 939410
2 506139
2 945813
2 1083376
2 1977433
1 423
2 776124
2 1997539
2 1807354
1 689
2 1304501
1 315
1 549
2 1328720
2 1618546
2 1878808
2 930861
2 1995626
2 1740496
2 1929137
2 1302653
2 842118
2 977858
2 1053551
1 91
2 82466
2 1409623
2 925785
2 1095868
1 1539
1 912
2 696065
2 531386
2 139343
2 1482798
2 466402
1 928
2 1865498
2 1059636
1 1116
1 917
2 21777
2 322362
1 1222
2 833668
2 633819
1 69
2 1791354
2 1976174
2 1056841
2 1579790
2 1160776
2 950757
2 1143992
2 344033
2 1971539
2 1138349
2 1309047
2 1635470
2 1933040
2 1473850
2 217900
1 2160
2 1108290
2 1323945
2 920181
2 1192349
1 744
1 138
2 780541
2 1115473
2 1735469
2 1714865
2 794189
2 1898892
2 1846328
2 1478531
2 1167042
2 337622
2 232042
2 273969
2 257751
2 1109261
2 1745032
2 1695001
2 1171992
2 1228848
2 1466934
2 81309
2 1669216
1 1131
2 101208
2 666086
2 1503895
1 256
2 1453446
2 9837
2 549154
2 169631
1 711
2 62076
2 1963874
2 1448884
2 928818
2 318495
2 1708445
1 251
2 899271
2 1887322
2 1726543
2 1849199
2 7611
2 1996220
2 1103510
2 113760
2 855886
2 1614965
1 690
2 813362
1 811
2 526868
2 330062
2 834224
2 1135739
2 675551
2 1521296
1 1189
1 166
2 1569263
2 1062410
2 729226
1 167
1 1025
2 1371693
1 396
2 1616492
2 103426
1 671
2 1602010
2 1574784
2 728517
2 1579581
2 1244134
2 1416236
2 215439
2 990135
2 909746
2 835263
2 359421
2 891078
2 1036687
2 1517237
2 817572
2 262179
2 238158
2 50279
2 730094
2 1207343
1 228
2 77844
2 270418
2 578577
2 1804752
2 1828816
2 1112805
2 437236
2 82410
2 449864
2 306505
1 979
2 1977997
2 362799
1 348
2 741678
2 1611527
2 866832
2 1999244
2 1372183
1 613
2 1161079
2 658019
2 805628
1 1016
2 1720967
1 245
2 47555
2 953653
2 1666765
2 624123
1 1725
2 429019
2 937578
2 1232525
2 960274
2 1126138
2 1885084
1 1657
2 283622
1 107
2 177580
2 282550
2 708495
2 453283
2 349200
2 203835
2 1464349
2 625153
2 1269209
2 1044719
2 1624642
2 1874360
2 1897756
2 827437
2 1520646
1 168
1 588
2 213083
2 1483464
2 1135069
2 1464603
2 1962936
2 455698
2 865992
2 1493998
2 1272417
2 1267547
1 1592
2 1295547
2 1744958
2 1369233
2 790785
2 1442086
2 1030955
2 18179
2 33430
2 1273320
2 613130
1 1160
1 755
2 1541205
2 1390899
2 518228
2 1294813
2 504150
2 377046
2 1426075
2 1233056
2 984563
2 522327
2 776615
2 1395611
2 742898
2 731224
2 1401340
2 388065
2 1581032
2 1266756
1 246
2 664411
2 1322358
2 862556
1 117
2 1458070
1 279
1 331
2 1578040
2 290555
2 356176
2 428131
2 1650653
2 1765088
2 41406
2 641270
2 160558
2 1295001
2 1686110
2 1723218
2 196403
2 1005073
1 556
2 1111785
2 1249341
2 1764790
2 1312641
2 1752407
1 527
2 327267
2 94032
2 1740682
2 1169409
2 377634
2 654966
2 563517
2 1274074
2 1697789
2 1958302
2 540681
2 936109
2 662074
1 1420
1 1470
2 1370977
2 821075
2 1032645
2 731415
2 1529522
2 994626
2 3401
1 347
2 1708874
1 808
2 1389096
2 536736
2 1312781
2 748577
2 1573281
2 1062219
2 34703
2 1807332
2 1071144
2 989343
2 881954
1 872
2 1377318
2 1633004
2 1514251
2 854912
2 630871
2 349690
2 719821
2 311795
2 1802783
2 907517
1 559
2 680633
2 645711
2 1339679
2 1991731
2 1576845
2 1848574
2 26561
2 1546973
2 826226
2 1615714
2 640114
2 1021048
2 654587
2 1634061
2 1812437
1 1421
2 979362
2 1333623
2 1835415
2 367983
2 1925273
2 672384
2 274123
2 1407130
1 669
2 1802171
2 465173
2 226990
2 250664
2 345946
2 410614
2 177678
2 737683
2 1497337
2 1223132
2 1337160
1 1521
2 1206741
2 382066
1 1983
2 1541092
2 1618913
2 732899
2 1008822
2 1045034
2 364817
1 1569
2 156120
2 1460526
2 1357039
2 1694263
2 293346
2 245103
2 877446
2 1705185
2 814522
2 1086982
2 655095
2 1015729
2 821677
2 265517
2 1724778
2 1494854
2 679816
2 844803
2 1666407
2 1430338
2 186394
2 1977076
2 1506446
2 1434599
2 1315358
2 1114043
2 1216781
2 2508
1 1438
2 1682122
2 1329470
1 1765
1 369
2 651859
2 841203
2 1440641
1 650
2 565603
1 790
2 974698
1 1193
1 204
1 506
2 955451
2 1283009
2 49213
1 173
2 534105
2 1514432
2 1182491
2 1388538
2 1752252
2 693677
1 660
2 200270
2 1900818
2 1550268
2 319888
2 1249558
1 1049
2 1203423
2 1359392
2 1414989
2 1673930
2 1966414
1 1452
1 281
2 419090
1 1132
2 473492
2 726262
2 587577
2 242922
2 611910
1 1214
1 1318
1 211
2 301772
2 251780
2 803414
2 299746
2 1480258
2 1062153
2 1969713
2 1879971
1 1571
2 167304
2 1432347
2 1060984
2 87623
1 1872
2 1168723
2 1525812
2 1960454
2 1574662
1 794
1 1109
2 894194
2 965640
2 785014
2 1320860
2 938122
2 1967139
2 115597
2 248629
2 468974
1 1063
2 891562
2 163578
2 1337772
1 674
2 570603
2 1511430
2 254922
2 1339106
1 389
2 1583910
2 1930928
2 173074
2 1697078
2 518326
2 798744
2 920838
2 89390
2 1280369
2 1916014
1 94
2 530053
1 518
1 672
2 1733898
2 150096
2 1445716
1 722
2 481054
2 1672317
2 818461
1 568
2 1366512
2 1379643
2 1536218
2 679069
2 574560
2 1461617
2 1387963
1 284
2 679119
2 1929639
1 187
2 929326
2 1226412
2 1007914
1 731
1 706
2 839097
2 1956510
1 1122
2 1107948
2 1840222
2 1604801
2 868916
1 378
2 127978
2 51270
2 1138111
2 1568345
2 372610
2 804859
2 1901201
2 1298331
2 1535801
2 335077
2 428325
2 909530
2 1671482
2 1902494
2 1429263
2 672358
2 1751769
2 686248
2 1042277
2 1028506
2 251985
2 1729975
2 1474848
2 1677509
2 1785294
2 978997
1 993
2 1173902
2 1799985
1 1034
2 488227
2 59305
2 333388
2 861306
2 1615255
2 1756961
2 793730
2 973884
1 1187
2 424171
1 312
1 1023
2 817663
2 699315
1 770
2 629495
2 1793090
2 728273
2 1024256
2 1359205
2 1731645
2 230300
2 692054
1 1041
2 644547
2 1228107
2 44391
1 924
2 1160870
1 1247
2 612909
2 1096119
2 16786
2 742498
2 1116068
2 841380
2 1070302
2 20601
2 170073
2 586002
1 974
2 291931
2 258712
2 1551478
1 477
2 8239
1 495
2 465329
2 468484
2 725836
2 1806079
2 1928516
2 1008056
2 1339456
2 1285488
1 782
2 1895940
1 2020
2 475827
2 1821282
1 1285
2 1938333
2 1591437
2 1642180
2 40124
2 156784
2 43797
2 124539
1 2100
2 174680
1 124
2 1742846
2 704599
2 175908
2 1328990
2 1885999
2 1546166
2 871628
2 801531
2 837634
1 870
2 1850887
2 240608
2 390141
2 334283
2 1105520
2 985684
2 1444306
2 1929308
1 1679
1 550
2 1062199
1 390
2 1183733
2 435534
1 618
2 505613
2 172195
2 419452
2 1965523
2 927493
2 1126248
2 887696
2 63646
2 233355
2 1852899
2 161766
2 1617461
2 326356
2 535571
1 1306
2 912864
2 1943357
2 1745875
2 156653
2 1817804
2 1586833
2 805267
2 268667
1 915
2 1974280
2 897653
2 761861
2 1194559
1 1378
2 1960744
2 562345
2 1578519
2 1504269
1 616
2 52418
2 1645955
2 212209
2 1539592
2 741724
2 943369
2 637739
2 973992
2 1693296
2 34923
1 1427
2 788379
2 1459290
2 1091439
2 333358
2 821619
2 515488
1 421
2 304147
2 367309
2 1698364
2 1908485
1 1395
1 70
1 1628
2 1660959
2 224368
2 87881
2 208542
2 707492
2 1226317
2 1168430
2 761150
2 1183097
1 952
1 1056
2 1388102
2 894484
2 472225
2 1587583
1 135
2 225677
2 216905
2 1134654
2 772882
2 250032
2 1161835
2 695348
2 922163
2 469253
2 1414163
2 1516412
1 728
2 52834
2 962797
2 664373
2 747605
2 1093281
2 247079
2 1635208
2 1159084
2 1892776
2 332653
2 969475
2 260114
1 721
2 38461
2 1953822
2 1651680
2 1194507
2 912508
2 556120
2 1570303
2 113828
2 1650295
2 603702
2 952199
1 1815
1 1764
2 1295915
2 878745
2 1653348
1 926
2 940637
2 854431
2 345594
1 1660
2 337972
2 58682
2 1723962
2 691791
2 634186
2 1133962
2 1309061
2 1808341
2 600597
2 1077907
1 749
1 1890
2 1773830
2 104179
2 825441
2 1188873
2 1955100
2 319077
1 764
2 642656
2 131570
2 1087595
1 619
2 799702
2 654627
1 460
1 1201
1 776
2 588661
2 573384
2 1826627
1 966
1 867
2 79092
1 141
1 1651
2 1799533
2 1157237
2 701260
2 173380
2 668607
1 295
2 414293
2 621179
2 1686665
1 775
2 535149
2 477672
2 1836399
1 447
2 159630
2 1427030
2 978050
2 493079
2 1940820
2 1476558
2 738735
1 1293
2 517725
1 406
2 698333
2 294094
2 1012180
2 1566374
2 1488315
2 209054
1 2108
1 428
2 378034
2 665197
2 1059538
1 1346
2 1499756
1 99
2 750130
2 456007
2 1476403
2 439182
2 851978
2 1039277
2 1728288
2 93818
2 1244508
2 723618
1 583
2 1686192
1 1841
2 1250904
2 659410
2 210883
1 913
2 442819
2 1470349
2 1241433
2 479715
2 63548
2 1627277
2 705328
2 328907
1 402
2 1832434
1 1064
2 1828797
1 734
1 157
2 1159714
2 1562356
2 123163
2 1806016
2 1844836
2 1678191
2 695713
2 685729
2 201641
2 1772555
2 1698657
2 1608915
2 1301695
2 1798955
2 1800581
2 604917
2 1376593
2 604219
2 890059
2 1546626
2 1332214
2 521408
2 721993
2 84964
2 905149
2 1706570
1 1265
2 591471
2 1442187
2 166714
2 884489
2 1832137
2 679629
1 145
1 1583
2 1412132
1 1183
1 622
2 1773824
2 791798
2 1377912
2 1604419
1 409
2 1879090
2 1645936
2 422951
2 1127432
2 523734
2 1504135
1 687
2 978298
2 408488
1 1474
2 1095086
2 461425
2 1442796
2 1529198
2 1123457
1 555
2 709866
2 965668
1 537
2 432801
2 1118325
2 446003
1 1653
2 1715868
2 778810
2 384542
2 1154913
2 158587
2 1329357
2 1430823
2 452651
2 536444
2 1180762
2 180611
2 1854657
2 543201
2 139175
2 179127
2 536474
2 952202
2 977906
2 241881
1 269
2 1207497
2 501161
2 974631
2 1331268
2 1963819
2 832875
2 349031
2 1586231
2 1931272
2 248770
2 647053
2 1964880
2 1982113
2 1198853
2 1071091
2 1029780
2 1116775
2 1329643
2 1583009
1 476
1 262
2 1225658
2 1671975
1 502
2 1772621
1 1195
1 1412
2 841938
2 328050
1 332
2 1383943
2 901685
2 808180
2 1853421
2 653737
2 1805021
2 1488146
2 1771639
1 233
2 132682
2 1202382
2 1532764
2 1547381
1 1118
2 587231
2 1360313
1 111
2 1156940
2 1296583
1 391
2 1173805
2 1899764
1 859
2 459961
2 1226345
2 485422
2 1940746
2 447238
2 509406
2 1963320
2 951214
1 479
2 569360
2 1810770
1 203
2 166320
2 1615835
2 1936481
2 1969266
1 828
2 44
2 158236
2 1800446
1 2054
2 1623211
2 1304485
2 904952
2 1597053
1 1586
1 1039
2 288850
1 602
2 1491579
2 495266
1 1538
2 411831
2 837638
1 1655
2 1214224
2 484479
2 897364
1 2272
2 1836487
2 1921598
2 1545868
1 351
1 512
2 1985927
2 234908
1 1726
2 1494409
1 1563
2 544801
2 1981995
2 294990
2 538672
2 1444626
2 1986336
1 876
1 1477
2 704927
2 1773407
2 591909
2 84064
1 1590
2 201306
2 1675999
2 745342
2 1989607
2 84231
2 1898422
2 586415
2 1324652
2 608618
2 988261
1 726
1 366
1 1082
1 1690
2 663782
1 1295
2 918151
1 1192
1 837
1 621
1 985
2 1314278
2 1503400
1 1999
1 239
2 1767169
1 850
2 666972
1 1070
2 1641470
2 1750784
2 1851739
1 1253
2 1007449
2 594200
2 627548
2 357792
1 1110
1 353
2 1641026
2 1281845
2 1725240
1 1542
2 100350
1 565
2 391573
2 1321018
2 156781
2 762372
1 1602
2 311034
2 1482009
2 291362
2 813801
2 786959
2 1658463
2 1701383
2 1479861
2 1536316
2 1089929
2 598080
2 61716
1 1774
2 1249377
2 1000227
2 881161
2 681132
2 747978
2 1687557
2 1020720
2 1765935
2 1319973
1 1123
2 778064
2 930328
1 1922
2 1554815
1 1423
2 163904
1 1699
2 206872
2 576676
1 181
1 654
2 1944798
2 205874
2 1809308
1 485
2 352
2 1810353
2 1492411
2 488200
1 327
2 1862301
1 693
2 191597
2 1753453
2 1730729
2 1618931
2 1506542
2 1392433
2 550387
2 1732259
2 1029631
2 266144
2 1500067
2 1613795
2 1462677
2 1310149
2 167721
2 1461014
2 23864
2 1529099
2 1395050
2 850604
2 1258637
2 135537
1 114
2 1223674
2 508883
2 1158465
2 706863
1 978
2 383047
2 464133
2 297973
2 1996566
2 310954
2 491713
2 771597
2 67790
1 2092
2 337203
2 1333102
1 696
2 1501394
2 697454
2 281918
2 239738
1 4236
2 1752462
2 879913
1 393
1 1976
1 1609
1 1015
2 885599
2 1769010
2 1705587
2 1057141
2 1303109
2 1496479
2 372579
1 1303
2 1793284
2 1401883
2 1297395
2 1768153
2 1469388
2 605928
2 100183
2 1446127
2 766446
2 1786835
1 499
2 1087221
2 1736364
2 889678
2 1150186
2 1539515
2 1651614
2 1263878
2 364931
2 51749
1 1031
2 996454
2 1635019
2 1455555
1 1944
2 1054056
2 60076
2 1976846
2 638275
2 139459
2 741469
2 1042236
2 1518845
1 1017
2 226289
2 1730299
2 1673672
1 1280
1 1836
2 982833
2 1682518
2 1044367
1 257
2 1140544
2 524053
2 351037
2 588152
2 1766483
2 417933
2 1553966
2 267797
2 701591
2 1504611
2 1187027
2 1736602
1 594
2 1368278
2 1153632
2 1267763
2 1907425
2 1426277
1 579
2 1303051
2 1667185
1 1793
2 1305764
2 33454
2 314397
2 125916
2 174078
2 1094877
2 430476
2 775379
2 1185073
2 1216183
2 1680117
2 1154658
2 1731846
2 510532
2 810025
2 1071699
2 1605390
2 167884
1 1106
2 1903011
2 1159831
2 1602554
2 1825879
2 1505379
1 1466
2 728998
2 464266
2 551420
2 374051
2 1521826
2 341071
2 35833
2 1145988
2 762485
1 1905
2 1478401
2 983506
2 656174
1 819
2 361415
2 1669709
1 737
1 2062
2 1617300
2 1106084
2 1385284
2 351676
2 1289963
2 1257751
1 380
2 332368
2 1379886
2 1383776
2 851307
2 892069
2 1916617
2 404352
2 1832250
1 1120
2 760692
2 1234314
2 1053017
2 1177362
2 491347
2 1142110
2 568837
2 523956
1 752
2 1659239
2 1535523
2 1403982
2 222870
1 670
1 1079
2 585064
2 1962473
1 1416
1 215
2 907359
1 1683
2 1446220
2 341859
2 1254602
1 1181
1 1180
2 1742836
1 1455
2 221599
2 1933767
2 653941
1 1172
2 1653200
2 387568
2 1515977
2 1036829
2 1904750
2 962809
1 973
2 1116903
2 1746885
2 253620
2 1574460
2 1538238
2 1361399
2 744529
2 1492450
2 612185
1 896
2 1439160
2 180445
2 1119361
2 1304412
1 881
2 1620904
2 186975
2 911417
2 1178027
2 1739106
2 1571611
2 209653
2 1607421
2 1334551
2 969753
2 1157414
2 1744961
2 1394132
2 1998676
2 1077304
2 716229
2 1109069
1 1022
2 315978
2 1215598
1 1631
1 2212
2 410349
2 1337833
2 1651793
2 579698
2 1194237
2 1175972
1 147
2 718295
2 788688
2 1795387
2 951527
1 1646
2 1063401
2 1559303
2 721924
2 359375
2 89067
2 1873324
2 1367206
2 789981
1 1641
2 1185066
2 666464
2 175292
2 325671
1 1067
2 193487
2 450976
2 1875153
2 776257
2 308431
2 1636438
1 1263
2 831531
2 1791273
2 159716
2 1662796
2 729262
1 624
2 691594
2 38024
1 385
2 307477
2 775038
2 1153091
2 106997
2 1392207
2 1431442
2 269999
2 1483391
2 1018470
2 1440579
2 318785
2 1551418
1 1435
2 437570
2 1817025
1 1258
1 1849
2 1438839
2 1814528
2 124588
2 236309
2 335361
2 1406276
1 1210
2 338057
2 1117982
2 595858
2 1201271
2 825438
2 102535
2 201066
2 1290855
1 115
1 2603
2 1942521
2 1751309
2 27425
2 1604830
2 90564
2 199071
2 947315
2 1465056
2 1112483
2 208320
2 577536
2 492171
1 3202
2 264830
2 1556515
2 387644
2 1717601
2 1399006
2 875559
2 279866
2 180384
2 1063686
1 330
1 417
1 76
1 1209
2 1188296
2 629611
2 1864082
2 1203266
2 505239
2 1009763
1 214
1 73
2 824380
2 991714
2 138167
1 1095
2 775089
2 1634998
1 1140
1 830
2 1541886
2 1671454
2 1150928
2 83600
2 286012
2 666135
2 1177980
2 824626
2 1829698
2 198049
2 1269106
2 1840109
2 542569
2 1418479
2 76415
1 899
2 597116
2 559078
2 1872168
1 337
2 1926198
2 1180502
1 1603
2 758445
2 974656
2 124189
2 330942
2 208827
1 1085
2 1606723
2 517353
2 988357
2 1361983
2 264321
2 395529
1 1478
1 1138
2 1092402
2 196034
2 1300034
2 400665
2 1630641
1 902
2 1514849
2 227715
2 1579731
2 1849120
2 350321
2 412339
2 187697
1 849
2 1579893
2 1879033
2 1804423
1 1088
2 1887700
1 439
2 1843556
2 872359
1 468
2 1174384
1 694
1 1462
2 741199
1 584
2 176377
2 1439175
2 1574771
1 977
2 923897
2 1145798
2 324225
1 1997
2 1256531
2 1053648
2 233245
2 179315
2 1131669
2 1590904
2 578605
2 755822
2 1702354
2 1081391
2 559947
2 1919365
1 539
1 760
2 635590
2 1748502
1 122
2 1367861
1 1058
2 1631971
2 149700
2 1565878
2 1797675
2 263365
2 1954348
2 729365
2 87754
1 2248
2 99781
2 408586
1 504
2 1606820
2 247300
2 972488
2 979700
2 946010
2 1531903
2 1250536
2 1627660
1 1314
2 69610
2 738513
2 1380980
2 308725
2 927199
2 1678195
2 49866
1 617
1 241
2 36003
2 364183
2 443600
2 1906494
2 1959747
2 1299248
2 680394
1 1750
2 1094790
2 9408
2 429900
2 162578
2 1959391
1 503
1 1296
2 898460
2 1327663
2 1848733
2 331788
2 865154
1 196
2 1192390
2 1061633
1 216
2 1370686
2 651424
2 903542
2 785620
2 1801103
1 93
2 1647361
2 370379
2 770402
2 1003850
2 1049390
2 796245
2 1819913
1 71
2 1358069
2 735528
2 406611
1 702
2 419307
2 1253493
2 1829514
2 298696
2 1442764
2 525335
2 1540416
1 793
2 1109386
2 34039
2 1793079
2 1952331
2 34686
2 1658883
2 285141
2 991825
2 889234
2 826895
2 1994874
2 1595331
2 1274549
2 408199
2 534727
1 1243
2 1515443
2 169013
2 1175499
2 934212
2 768079
1 1359
2 1677931
2 1912977
1 592
2 1962131
2 708120
2 1879614
2 1480010
1 1856
2 14272
2 6595
1 1533
1 1465
2 313440
2 253231
2 1904784
2 819722
2 1838506
2 1442976
2 1983262
2 500771
1 1127
2 1687760
2 401932
2 751419
2 443017
2 1824213
2 339643
2 428282
2 1349602
1 458
1 445
1 1370
2 551745
2 548041
1 1457
2 563528
1 1842
1 1809
2 279947
2 1168307
1 1186
2 591230
2 292907
2 1569606
2 1440725
2 171928
2 564540
2 1295280
2 665682
2 615468
2 700080
1 1288
2 559945
2 1343135
1 1958
2 1609452
2 1709728
2 946745
2 1888196
2 454064
1 1507
2 1365152
1 595
2 884979
2 431647
2 1971573
2 639101
1 1066
2 127765
2 1415189
1 464
2 476660
2 1010153
2 769164
2 1229944
2 1874709
2 1849060
2 222672
2 1479137
1 1143
1 491
2 1947999
2 1303876
2 30417
2 1489236
2 1374255
2 1990945
2 1718525
2 1473412
2 1543137
2 595344
2 1500225
2 294575
2 1616031
1 1336
2 1468284
2 1688292
2 529054
2 981879
2 1327567
2 1878927
1 1129
2 1619655
2 1045537
2 494798
2 689847
2 136594
2 1409004
2 523344
2 1120998
2 1578898
2 1074578
2 1341649
2 1837616
2 843399
2 811730
1 475
2 901361
2 59542
2 63156
2 717638
2 405194
1 992
2 349851
2 544941
2 1557896
1 1936
1 1550
2 217126
2 941674
2 1647083
2 326677
2 1153713
1 1659
1 730
2 439464
1 857
2 1466531
2 945982
2 930172
1 1177
2 1167918
1 1673
1 333
2 228331
1 501
2 1789220
2 732361
2 655124
2 738378
2 693707
2 570350
2 119593
2 1051552
1 1019
2 770550
1 1472
1 623
2 661391
2 382217
1 1337
2 1239188
2 289301
2 1682640
2 172817
2 1863260
2 693783
2 1766737
2 1151288
2 1641183
2 1959996
2 320085
2 175451
2 1299130
2 1405721
2 899510
2 1083100
2 238990
2 48997
2 1451840
2 1238417
2 850553
2 191712
2 1460558
2 1920815
2 41887
2 1993745
2 1789026
1 697
2 1679603
1 178
1 1234
2 1877225
2 1753949
2 390344
2 1576450
2 294298
2 825593
2 401313
2 86638
2 1895721
2 1943561
2 1104255
2 1830163
1 1141
2 989546
1 1613
2 1526573
2 617264
2 802224
2 1433944
2 1294572
2 1972677
2 1741241
2 1211416
2 1287108
2 1013843
2 701509
2 746581
1 1987
2 641628
2 849696
2 1914985
1 2148
2 1266434
2 528773
1 1454
2 1233165
2 587053
2 1043405
2 750074
2 1559941
2 643321
2 1692341
2 971342
1 1716
2 1183334
2 1717783
2 1209333
2 1746136
2 1947075
2 940562
2 183932
2 415054
2 236147
2 1557543
2 1587531
2 1152968
2 845026
1 1964
2 455289
2 1476013
1 707
2 1499077
2 710740
2 684808
2 1871253
2 450080
2 1631278
2 1607407
1 1410
1 285
2 749370
2 1578760
2 1544117
2 374149
2 1374143
2 221405
2 1092997
2 1175912
1 1311
1 1443
2 1037486
2 887585
2 1901702
2 835996
2 1413459
2 348657
2 243989
2 860855
2 14398
1 3599
2 866030
2 1982345
2 1796779
2 466705
1 875
2 174606
2 482714
2 1414031
2 1210222
2 1283830
2 18499
1 313
1 324
2 1849775
2 882721
2 1141505
2 227416
2 1497031
1 862
1 248
1 1739
2 785097
1 1712
2 572111
2 1090746
2 151295
2 1134690
2 230382
2 1653488
2 697348
1 290
2 718778
2 880127
2 246024
2 1599690
2 1452512
2 615820
2 1647658
2 1326323
2 1912435
1 1382
1 665
2 454508
2 92664
2 842874
2 1386618
2 501879
2 921655
2 1693099
2 1399826
2 38962
2 1183145
1 336
1 1532
2 308553
2 1821323
2 1580713
2 1813314
2 1557645
2 76346
2 1846126
2 1921520
2 1114991
2 1506510
2 1773504
2 772848
2 42956
2 1035518
2 1042695
2 1940794
2 1866473
2 775116
2 507471
2 1249592
1 119
1 869
2 39715
2 734551
2 1826000
2 1771083
2 468069
1 414
1 1151
2 387053
2 519191
2 632655
2 1780271
2 851021
2 1409281
1 432
2 682191
1 1305
2 925587
2 1755232
2 822288
2 1213210
2 1580984
2 82728
2 365614
2 1966714
1 1488
2 1907535
2 572496
1 1616
2 203807
2 775199
2 1919994
2 654668
1 1396
1 191
1 172
2 890629
2 1912395
2 466780
1 2194
2 1670415
2 659379
2 1008254
2 1188640
2 353257
2 1010390
2 1202228
1 576
