3205 5000 5000
1 1
2 1
3 1
7 1
8 1
9 1
10 1
11 1
12 2
13 1
14 2
16 1
17 2
20 3
22 1
24 1
26 2
27 1
30 1
32 2
33 1
34 1
41 1
44 2
49 2
51 1
54 2
58 2
61 2
65 2
66 1
68 2
70 1
71 2
72 2
74 8
75 3
76 5
77 1
78 7
79 5
80 5
81 1
82 2
84 1
86 6
87 6
88 3
89 9
90 5
91 1
92 2
93 3
95 7
96 2
97 2
98 8
99 8
101 6
102 3
103 4
104 9
105 4
106 7
107 5
108 7
109 8
110 8
111 9
112 8
113 7
114 8
115 3
116 1
117 5
119 3
120 8
122 1
123 2
124 4
125 6
126 5
127 5
128 9
129 7
130 4
131 7
132 2
133 2
134 9
135 6
136 2
137 2
138 7
139 7
140 9
141 2
142 3
143 9
144 5
145 2
146 5
147 4
148 4
149 2
150 3
151 2
152 2
153 3
154 3
155 2
156 8
157 6
158 1
159 5
160 4
162 2
163 6
164 5
165 2
166 1
167 8
169 2
170 9
171 8
172 2
173 8
175 3
176 3
177 8
178 9
179 4
180 1
182 1
183 5
184 1
185 6
186 3
187 9
188 6
189 3
190 2
191 9
192 3
193 1
194 9
196 8
197 1
198 9
200 8
201 5
202 4
204 2
205 8
206 1
208 4
209 1
210 2
211 8
212 8
213 5
214 8
217 7
218 5
220 6
221 2
222 6
223 4
224 6
225 5
226 9
227 3
228 6
229 6
231 4
232 9
233 4
234 9
235 5
236 8
237 9
238 1
240 7
241 1
242 3
243 9
244 4
245 9
246 6
247 5
248 6
249 8
250 7
251 7
252 1
253 6
254 2
255 4
256 1
257 3
258 3
260 1
261 2
262 2
263 1
264 2
265 4
266 9
267 6
268 4
269 2
270 2
271 3
273 7
274 7
275 7
276 3
278 6
279 2
280 5
281 6
282 1
283 3
284 9
285 8
286 5
287 4
288 5
289 3
290 1
291 6
292 3
293 4
294 5
295 5
296 7
297 6
299 5
301 6
302 6
303 9
304 2
305 6
306 8
307 5
308 4
309 8
310 6
312 5
313 1
314 8
315 3
316 8
317 3
318 5
319 7
321 2
322 8
323 9
324 4
325 4
326 1
327 4
328 9
329 8
330 4
331 1
333 6
334 3
335 5
336 5
337 4
338 7
339 3
340 2
342 9
343 6
344 1
345 1
346 5
347 3
348 8
349 1
350 1
352 4
353 9
354 3
355 3
356 7
357 5
358 1
360 2
361 7
363 2
364 1
365 4
366 4
367 8
369 5
371 4
372 2
373 2
374 1
375 9
376 4
377 7
378 4
379 8
380 9
381 1
382 4
383 7
384 6
385 3
386 4
387 2
388 4
389 8
390 3
391 8
392 4
393 5
395 3
396 6
397 7
398 6
399 3
400 4
401 6
402 5
404 2
405 3
406 4
407 7
408 3
409 2
410 2
411 7
412 7
413 7
414 9
415 4
416 9
418 2
419 8
420 8
422 5
423 4
424 8
425 7
426 6
427 7
428 1
429 9
431 3
433 6
434 7
436 4
437 9
439 8
440 1
442 7
444 2
445 7
446 4
447 9
449 6
450 8
451 5
452 3
453 9
454 1
455 6
456 7
457 8
458 9
459 2
460 8
461 8
462 6
463 3
464 5
465 1
467 1
468 8
469 6
470 9
471 1
472 6
473 4
474 9
475 7
476 7
477 6
478 2
479 7
480 5
481 8
482 3
483 1
484 6
485 9
486 2
487 9
488 9
489 1
490 6
492 4
493 4
494 3
495 8
496 7
497 4
498 3
500 7
502 8
503 1
504 6
505 5
506 7
507 2
508 1
509 2
510 7
511 9
512 8
513 9
514 6
515 9
516 1
517 5
518 4
519 6
520 3
521 9
522 4
523 2
524 6
525 4
526 5
527 5
528 1
529 5
530 1
532 7
533 7
534 3
535 8
536 5
537 8
539 9
540 5
541 2
542 4
543 6
545 8
546 9
547 3
548 7
549 4
550 4
551 1
552 2
553 9
554 6
555 7
556 1
558 3
559 4
560 5
561 8
562 1
563 8
564 4
565 3
566 6
567 3
568 8
569 8
570 5
571 2
572 4
573 3
574 4
575 3
576 1
577 1
578 1
579 1
580 8
581 6
582 7
583 5
584 3
585 5
586 4
587 1
588 1
590 5
591 1
592 1
593 7
594 7
595 2
596 6
597 7
598 5
599 8
600 3
601 1
602 8
603 7
604 6
605 7
606 8
607 8
608 1
609 4
610 6
611 8
612 4
614 6
615 2
616 3
617 1
618 4
619 2
620 1
621 4
622 1
623 4
624 8
625 8
626 3
627 6
628 4
629 5
630 1
632 6
633 7
634 2
635 4
636 1
637 4
638 1
639 1
640 1
641 6
642 6
643 3
644 3
645 5
646 1
648 7
649 7
650 3
651 3
652 6
654 4
655 2
658 2
659 1
660 3
661 1
662 6
664 5
665 7
666 1
667 4
668 5
669 2
670 3
671 1
673 4
674 2
675 5
676 4
677 5
678 3
679 1
680 6
681 6
682 5
683 1
684 7
685 7
686 1
687 2
688 1
689 7
690 1
691 2
692 5
693 6
695 3
696 6
698 2
699 7
701 2
702 6
703 6
704 7
705 1
706 6
707 3
708 1
709 3
710 4
711 6
712 2
713 3
714 3
715 4
716 4
718 5
719 2
720 4
721 2
722 4
723 5
724 6
727 6
728 5
730 5
731 6
732 4
734 2
736 3
737 6
738 2
739 1
740 1
741 4
742 1
743 4
744 2
745 1
746 1
747 1
748 5
749 1
750 2
751 6
753 1
754 3
756 4
757 6
758 5
759 2
760 5
761 3
762 4
763 5
764 5
768 3
769 3
770 1
771 2
772 2
773 6
775 4
777 6
778 3
779 5
780 2
781 2
782 2
783 4
784 4
785 5
786 2
787 6
788 2
789 4
790 2
791 3
792 4
793 3
794 5
795 3
796 1
797 1
798 4
800 3
801 1
802 3
803 6
804 5
805 5
806 2
807 2
808 6
809 5
810 5
811 5
812 2
814 1
815 2
816 4
817 1
818 5
820 3
821 3
822 1
823 4
824 2
825 2
826 5
827 4
828 6
829 2
830 3
832 3
833 6
834 2
835 5
836 3
837 3
838 2
839 5
840 5
841 5
842 3
843 1
844 3
845 4
846 5
847 3
849 1
850 3
853 2
854 2
855 4
856 4
857 1
858 3
859 1
860 5
861 3
862 5
864 4
865 4
866 2
867 3
868 5
869 1
870 2
871 5
872 4
875 3
876 5
877 4
878 1
879 3
880 4
881 3
882 3
883 4
884 2
885 5
886 1
887 1
888 3
889 2
891 2
892 2
893 1
894 5
895 1
896 2
897 5
898 4
899 3
901 1
902 1
903 2
904 1
906 2
907 4
908 3
909 5
910 1
911 3
912 2
913 5
914 4
916 5
917 1
919 1
920 4
921 4
922 1
924 3
925 4
927 4
928 3
929 2
930 2
932 1
933 5
934 4
935 3
936 5
937 1
938 5
941 2
942 5
943 4
944 2
945 1
946 3
947 2
948 4
949 5
950 1
951 2
952 1
953 5
954 5
956 3
957 4
958 1
959 2
961 5
962 2
963 2
964 4
965 1
966 4
967 5
968 5
969 4
970 4
971 1
972 4
973 3
974 4
975 5
976 5
977 5
978 4
979 3
980 3
981 3
982 4
983 3
984 4
985 3
986 3
988 5
989 1
990 3
992 5
993 4
994 1
995 4
996 2
997 4
998 3
999 5
1000 2
1001 2
1003 2
1004 3
1005 2
1007 4
1009 3
1010 1
1012 3
1013 3
1015 1
1016 3
1017 4
1018 1
1019 3
1020 1
1021 4
1022 1
1024 4
1025 4
1026 1
1027 2
1029 4
1030 1
1031 1
1032 1
1033 4
1034 1
1035 2
1036 4
1037 3
1038 4
1041 2
1042 1
1043 4
1045 1
1046 3
1047 4
1048 3
1049 3
1050 3
1052 4
1053 1
1054 1
1055 3
1056 1
1057 4
1058 4
1060 4
1062 4
1063 4
1064 2
1065 3
1066 2
1068 4
1069 4
1070 2
1072 2
1073 2
1075 3
1077 3
1078 3
1080 4
1081 2
1082 2
1083 2
1085 2
1086 3
1087 2
1088 1
1090 1
1091 4
1092 3
1093 2
1094 1
1096 1
1097 3
1098 2
1099 2
1100 2
1101 3
1102 4
1105 3
1106 3
1107 3
1108 1
1109 1
1110 2
1111 4
1112 1
1113 3
1115 3
1116 3
1117 3
1119 4
1120 1
1121 4
1122 3
1125 2
1126 1
1127 4
1128 4
1129 2
1131 4
1132 2
1135 3
1136 2
1138 2
1139 3
1140 1
1141 2
1142 2
1143 3
1144 2
1145 1
1146 4
1147 1
1148 2
1149 4
1150 1
1151 1
1152 1
1154 2
1155 4
1156 1
1157 1
1158 1
1159 2
1160 1
1161 3
1163 3
1164 4
1165 3
1166 3
1167 1
1168 2
1169 4
1170 1
1171 2
1172 4
1173 2
1174 3
1175 4
1176 2
1177 2
1178 3
1179 4
1180 1
1181 3
1182 1
1184 4
1186 2
1187 2
1188 3
1189 3
1191 1
1192 1
1194 1
1196 4
1197 1
1198 2
1200 1
1201 2
1202 3
1203 4
1204 4
1208 3
1210 3
1212 1
1213 1
1215 4
1217 2
1218 1
1220 4
1221 3
1222 2
1223 1
1224 3
1225 2
1226 1
1227 4
1228 2
1229 4
1230 1
1231 4
1234 4
1235 1
1238 2
1239 2
1240 1
1241 2
1244 1
1245 2
1246 2
1248 3
1249 1
1250 2
1251 3
1252 1
1253 3
1254 3
1255 1
1256 1
1257 2
1259 3
1260 2
1261 1
1262 1
1263 3
1264 2
1265 3
1266 3
1267 3
1268 2
1271 3
1272 2
1273 1
1274 1
1276 2
1277 2
1278 3
1279 2
1280 3
1281 2
1283 3
1284 3
1285 2
1286 2
1287 2
1288 2
1289 1
1290 1
1291 1
1295 1
1297 3
1298 1
1299 1
1300 1
1301 1
1302 1
1304 3
1305 2
1306 1
1307 1
1308 1
1309 2
1310 3
1311 3
1312 2
1313 2
1314 3
1316 2
1317 1
1318 3
1319 1
1321 2
1322 3
1323 2
1324 1
1325 1
1326 3
1327 3
1329 1
1330 3
1331 1
1332 3
1333 3
1334 3
1335 3
1338 2
1339 1
1340 1
1341 2
1342 3
1344 3
1345 2
1346 2
1347 1
1348 1
1349 2
1350 2
1351 3
1352 2
1354 3
1356 2
1361 3
1362 3
1364 3
1365 3
1367 1
1368 2
1369 3
1370 2
1372 1
1373 1
1376 3
1377 3
1379 1
1380 3
1381 3
1382 3
1383 2
1384 1
1385 1
1391 2
1392 1
1394 1
1395 3
1396 2
1397 3
1401 1
1402 1
1403 1
1404 1
1406 3
1407 1
1408 1
1409 2
1410 2
1413 2
1414 2
1415 1
1416 3
1417 1
1418 2
1419 2
1421 2
1422 1
1423 3
1424 2
1425 2
1426 2
1429 1
1430 1
1431 3
1432 3
1434 3
1435 2
1436 1
1437 2
1438 1
1440 2
1441 3
1442 3
1443 2
1444 2
1445 3
1446 1
1447 1
1449 3
1450 1
1452 1
1454 3
1455 3
1458 1
1459 2
1460 1
1461 2
1462 1
1463 2
1464 1
1465 2
1466 3
1468 2
1472 3
1473 2
1474 3
1476 1
1477 1
1479 3
1480 3
1481 3
1482 2
1483 3
1485 1
1487 2
1489 1
1490 1
1491 2
1492 1
1493 3
1494 3
1495 3
1496 3
1497 2
1498 3
1499 1
1501 3
1502 3
1503 2
1504 3
1505 3
1507 3
1509 2
1510 3
1511 2
1512 2
1513 3
1514 3
1515 3
1518 3
1522 2
1523 2
1524 3
1526 2
1529 2
1530 3
1531 3
1534 1
1535 3
1536 3
1537 1
1538 1
1539 1
1540 3
1541 2
1542 2
1544 3
1545 1
1546 3
1547 2
1548 3
1549 3
1550 3
1551 1
1552 3
1553 3
1554 2
1556 2
1557 3
1558 3
1559 2
1560 3
1561 1
1563 2
1564 1
1565 3
1566 2
1567 3
1568 2
1569 2
1570 2
1571 2
1572 3
1573 3
1574 3
1575 2
1576 2
1577 2
1579 1
1581 3
1582 3
1583 2
1584 3
1585 2
1586 2
1587 1
1588 3
1591 3
1592 2
1594 3
1596 3
1597 3
1598 3
1599 3
1600 2
1601 3
1602 3
1603 3
1604 2
1605 3
1606 2
1607 2
1608 2
1609 3
1610 3
1612 1
1613 3
1614 3
1615 2
1616 3
1617 1
1618 2
1620 1
1621 1
1625 1
1627 2
1628 3
1629 1
1630 1
1631 3
1632 2
1633 3
1634 3
1635 1
1636 3
1637 3
1639 1
1640 2
1643 3
1644 2
1646 1
1647 2
1648 3
1649 1
1650 3
1651 3
1652 1
1653 2
1654 2
1655 1
1656 1
1657 1
1658 3
1660 1
1661 1
1662 2
1663 1
1664 3
1665 1
1666 2
1667 1
1669 1
1672 1
1673 1
1675 1
1676 1
1677 1
1678 1
1681 1
1683 1
1685 1
1688 2
1689 1
1690 2
1691 1
1692 1
1695 2
1699 2
1700 1
1701 1
1702 1
1703 2
1706 2
1707 1
1708 2
1709 2
1710 1
1713 1
1714 1
1717 2
1718 2
1719 2
1722 1
1723 2
1724 2
1726 1
1731 2
1733 2
1734 2
1735 2
1737 2
1738 1
1739 2
1741 1
1743 1
1744 2
1747 1
1750 2
1751 2
1752 1
1753 2
1754 2
1755 1
1756 2
1758 2
1761 2
1762 2
1763 1
1764 1
1765 2
1766 1
1768 2
1769 1
1770 2
1771 1
1772 2
1773 1
1776 2
1779 1
1784 1
1785 2
1786 2
1787 1
1788 2
1789 1
1791 2
1792 1
1793 1
1795 2
1797 2
1799 1
1801 2
1802 2
1803 2
1804 1
1805 1
1806 1
1809 1
1810 2
1813 2
1815 2
1816 1
1817 2
1821 1
1823 2
1824 1
1825 2
1826 2
1828 2
1830 1
1833 2
1835 1
1836 1
1837 1
1838 1
1839 1
1842 1
1843 2
1844 1
1846 2
1847 2
1848 2
1851 2
1853 2
1855 2
1856 2
1858 1
1859 2
1860 1
1861 1
1862 1
1863 1
1864 2
1865 2
1866 2
1867 1
1870 2
1872 1
1873 1
1874 1
1875 2
1879 2
1880 2
1881 2
1882 2
1883 2
1884 1
1885 1
1886 2
1889 1
1890 2
1891 1
1892 2
1893 1
1894 2
1895 1
1896 2
1898 1
1899 2
1901 2
1902 2
1903 2
1904 1
1906 2
1907 1
1909 2
1910 2
1912 1
1913 1
1914 2
1915 2
1917 1
1919 2
1922 1
1924 1
1925 2
1926 2
1928 1
1929 2
1930 1
1931 2
1932 1
1933 2
1934 2
1936 2
1937 2
1938 1
1940 2
1941 1
1942 2
1943 2
1944 1
1946 2
1947 2
1948 2
1949 1
1951 1
1952 2
1955 2
1956 2
1957 2
1958 2
1961 1
1962 2
1964 2
1965 2
1969 1
1970 1
1972 2
1973 1
1974 1
1975 2
1976 2
1978 2
1979 1
1980 2
1981 2
1982 1
1983 1
1984 1
1985 2
1986 1
1987 2
1988 1
1989 1
1991 1
1992 1
1995 2
1996 1
1997 2
1998 1
1999 1
2000 1
2002 1
2003 1
2005 2
2006 2
2008 2
2009 2
2012 2
2013 1
2014 1
2016 1
2017 2
2018 1
2022 1
2024 1
2025 1
2026 1
2028 2
2030 2
2031 1
2033 2
2035 2
2036 1
2037 2
2039 1
2041 2
2042 1
2043 1
2046 1
2047 2
2048 1
2050 1
2051 1
2052 1
2055 1
2056 2
2058 1
2062 1
2065 1
2067 2
2069 2
2071 1
2073 1
2074 1
2077 2
2080 2
2081 1
2082 2
2083 2
2084 2
2085 2
2087 1
2090 1
2094 2
2097 2
2098 2
2101 2
2102 2
2103 1
2105 1
2106 2
2108 1
2109 2
2110 1
2111 2
2113 1
2114 1
2115 2
2116 2
2117 2
2118 1
2120 1
2121 2
2122 2
2124 1
2126 2
2127 2
2128 2
2129 1
2130 2
2131 2
2132 1
2134 2
2135 1
2136 2
2141 1
2142 2
2146 1
2148 2
2149 2
2150 2
2151 1
2153 1
2154 2
2157 2
2159 2
2160 2
2164 1
2165 1
2167 1
2169 2
2170 2
2171 1
2173 2
2174 1
2176 1
2178 1
2179 2
2180 1
2181 1
2184 2
2185 1
2186 2
2187 2
2188 2
2189 1
2191 1
2192 2
2195 2
2196 2
2198 2
2199 1
2203 2
2204 2
2206 1
2207 1
2208 1
2210 2
2211 2
2213 2
2214 2
2215 1
2216 2
2217 2
2218 2
2222 2
2224 1
2225 1
2228 1
2232 2
2233 1
2239 2
2241 2
2242 1
2243 2
2249 2
2250 1
2251 2
2252 2
2253 1
2254 1
2256 2
2257 2
2258 2
2260 1
2261 1
2262 2
2264 1
2265 1
2267 2
2268 1
2271 2
2272 2
2273 2
2274 2
2275 1
2277 1
2278 2
2279 1
2280 1
2281 1
2282 2
2283 1
2286 2
2287 1
2288 1
2289 2
2290 1
2291 1
2293 2
2294 2
2297 2
2298 1
2300 2
2301 1
2303 2
2304 1
2305 2
2307 1
2308 2
2309 2
2311 1
2312 1
2315 2
2317 1
2319 2
2320 1
2321 2
2323 1
2324 1
2325 1
2326 2
2327 2
2329 2
2331 2
2332 2
2333 2
2335 1
2336 2
2339 1
2340 1
2341 1
2342 2
2344 1
2345 1
2346 2
2347 1
2348 1
2349 2
2350 2
2351 1
2353 1
2354 1
2355 1
2356 1
2357 1
2358 1
2360 1
2361 1
2363 2
2364 2
2367 2
2368 1
2369 2
2370 2
2374 1
2376 1
2378 2
2379 1
2381 1
2383 2
2384 1
2385 1
2386 1
2387 1
2389 2
2390 1
2391 2
2392 1
2393 1
2394 2
2395 2
2396 2
2397 2
2398 2
2401 1
2402 2
2404 1
2405 1
2407 1
2408 2
2412 1
2413 2
2414 2
2416 2
2417 2
2419 2
2421 1
2422 2
2423 2
2424 1
2426 2
2427 2
2428 1
2429 2
2430 1
2431 1
2432 1
2433 2
2434 2
2437 2
2438 2
2440 2
2442 1
2443 1
2444 1
2447 1
2448 1
2449 1
2450 1
2451 2
2452 1
2453 1
2454 2
2455 1
2456 1
2457 2
2458 1
2460 1
2461 2
2463 2
2464 1
2465 1
2466 2
2467 2
2468 2
2469 1
2472 2
2473 2
2474 1
2476 2
2477 1
2479 2
2480 1
2482 1
2483 2
2484 1
2492 2
2493 2
2494 2
2495 1
2496 1
2497 1
2499 2
2501 1
2504 1
2506 1
2507 1
2508 1
2510 1
2518 1
2519 1
2521 1
2524 1
2528 1
2530 1
2531 1
2532 1
2539 1
2541 1
2542 1
2544 1
2546 1
2549 1
2550 1
2551 1
2554 1
2556 1
2558 1
2559 1
2561 1
2563 1
2565 1
2566 1
2567 1
2568 1
2570 1
2571 1
2572 1
2573 1
2577 1
2579 1
2582 1
2584 1
2585 1
2586 1
2587 1
2591 1
2593 1
2595 1
2596 1
2599 1
2600 1
2601 1
2605 1
2607 1
2609 1
2611 1
2612 1
2613 1
2615 1
2616 1
2618 1
2620 1
2621 1
2626 1
2627 1
2632 1
2633 1
2636 1
2638 1
2639 1
2640 1
2642 1
2643 1
2647 1
2649 1
2650 1
2651 1
2653 1
2654 1
2656 1
2657 1
2659 1
2660 1
2661 1
2662 1
2663 1
2664 1
2665 1
2666 1
2670 1
2671 1
2672 1
2673 1
2675 1
2676 1
2677 1
2678 1
2679 1
2689 1
2691 1
2692 1
2695 1
2697 1
2698 1
2699 1
2704 1
2705 1
2709 1
2710 1
2711 1
2712 1
2713 1
2715 1
2720 1
2723 1
2728 1
2729 1
2734 1
2735 1
2737 1
2740 1
2742 1
2744 1
2745 1
2746 1
2747 1
2749 1
2755 1
2756 1
2757 1
2759 1
2762 1
2763 1
2764 1
2766 1
2767 1
2769 1
2773 1
2775 1
2776 1
2777 1
2778 1
2780 1
2782 1
2783 1
2784 1
2790 1
2791 1
2792 1
2794 1
2795 1
2796 1
2797 1
2798 1
2799 1
2804 1
2808 1
2812 1
2814 1
2816 1
2819 1
2820 1
2821 1
2822 1
2827 1
2828 1
2831 1
2835 1
2836 1
2840 1
2841 1
2842 1
2843 1
2844 1
2846 1
2848 1
2850 1
2851 1
2852 1
2853 1
2854 1
2855 1
2857 1
2858 1
2865 1
2867 1
2868 1
2873 1
2875 1
2877 1
2878 1
2883 1
2884 1
2885 1
2886 1
2887 1
2888 1
2889 1
2890 1
2891 1
2893 1
2894 1
2896 1
2898 1
2901 1
2902 1
2903 1
2907 1
2908 1
2909 1
2912 1
2913 1
2914 1
2915 1
2917 1
2918 1
2919 1
2921 1
2923 1
2926 1
2928 1
2929 1
2932 1
2934 1
2937 1
2938 1
2943 1
2946 1
2947 1
2950 1
2953 1
2954 1
2955 1
2957 1
2962 1
2963 1
2965 1
2969 1
2971 1
2972 1
2976 1
2978 1
2980 1
2982 1
2984 1
2985 1
2987 1
2988 1
2990 1
3001 1
3003 1
3005 1
3007 1
3008 1
3011 1
3012 1
3013 1
3015 1
3020 1
3021 1
3025 1
3026 1
3027 1
3028 1
3032 1
3034 1
3036 1
3040 1
3041 1
3042 1
3047 1
3048 1
3050 1
3051 1
3052 1
3054 1
3056 1
3058 1
3060 1
3061 1
3062 1
3064 1
3065 1
3067 1
3070 1
3071 1
3072 1
3077 1
3080 1
3081 1
3082 1
3083 1
3084 1
3085 1
3086 1
3088 1
3089 1
3092 1
3093 1
3094 1
3096 1
3097 1
3102 1
3103 1
3105 1
3107 1
3109 1
3114 1
3115 1
3118 1
3119 1
3120 1
3121 1
3123 1
3126 1
3127 1
3128 1
3129 1
3130 1
3131 1
3132 1
3137 1
3138 1
3139 1
3142 1
3143 1
3146 1
3147 1
3149 1
3150 1
3151 1
3152 1
3156 1
3158 1
3159 1
3161 1
3162 1
3164 1
3165 1
3166 1
3168 1
3170 1
3171 1
3173 1
3174 1
3175 1
3177 1
3178 1
3179 1
3180 1
3182 1
3183 1
3184 1
3185 1
3186 1
3187 1
3189 1
3191 1
3192 1
3193 1
3194 1
3195 1
3196 1
3197 1
3200 1
3201 1
3204 1
3207 1
3209 1
3211 1
3212 1
3213 1
3216 1
3218 1
3219 1
3220 1
3225 1
3226 1
3227 1
3228 1
3231 1
3233 1
3234 1
3235 1
3236 1
3237 1
3238 1
3239 1
3242 1
3245 1
3246 1
3247 1
3251 1
3252 1
3253 1
3255 1
3256 1
3258 1
3259 1
3260 1
3261 1
3263 1
3264 1
3267 1
3269 1
3271 1
3277 1
3280 1
3281 1
3282 1
3285 1
3286 1
3287 1
3289 1
3291 1
3295 1
3297 1
3299 1
3300 1
3301 1
3302 1
3307 1
3310 1
3312 1
3313 1
3314 1
3315 1
3316 1
3318 1
3319 1
3320 1
3321 1
3322 1
3323 1
3326 1
3327 1
3328 1
3330 1
3331 1
3334 1
3335 1
3340 1
3346 1
3347 1
3348 1
3350 1
3351 1
3353 1
3355 1
3358 1
3359 1
3361 1
3363 1
3364 1
3368 1
3369 1
3370 1
3371 1
3372 1
3374 1
3375 1
3377 1
3379 1
3384 1
3386 1
3390 1
3391 1
3392 1
3393 1
3395 1
3396 1
3398 1
3400 1
3406 1
3407 1
3409 1
3413 1
3414 1
3415 1
3416 1
3417 1
3418 1
3419 1
3420 1
3421 1
3424 1
3426 1
3427 1
3429 1
3431 1
3434 1
3436 1
3437 1
3440 1
3441 1
3444 1
3445 1
3446 1
3447 1
3451 1
3452 1
3453 1
3454 1
3456 1
3458 1
3459 1
3461 1
3463 1
3465 1
3467 1
3470 1
3471 1
3477 1
3478 1
3479 1
3480 1
3481 1
3482 1
3486 1
3487 1
3489 1
3492 1
3494 1
3496 1
3497 1
3498 1
3499 1
3500 1
3502 1
3503 1
3505 1
3506 1
3508 1
3510 1
3511 1
3512 1
3519 1
3520 1
3521 1
3522 1
3523 1
3524 1
3525 1
3528 1
3532 1
3533 1
3534 1
3535 1
3537 1
3538 1
3539 1
3546 1
3547 1
3548 1
3551 1
3552 1
3553 1
3554 1
3556 1
3559 1
3560 1
3561 1
3562 1
3563 1
3565 1
3566 1
3567 1
3568 1
3569 1
3572 1
3574 1
3575 1
3576 1
3577 1
3579 1
3580 1
3581 1
3583 1
3585 1
3588 1
3589 1
3593 1
3594 1
3600 1
3601 1
3603 1
3606 1
3607 1
3608 1
3612 1
3615 1
3616 1
3618 1
3622 1
3623 1
3624 1
3625 1
3627 1
3630 1
3631 1
3634 1
3635 1
3636 1
3640 1
3641 1
3643 1
3645 1
3649 1
3650 1
3652 1
3653 1
3655 1
3656 1
3661 1
3662 1
3664 1
3665 1
3668 1
3670 1
3672 1
3673 1
3674 1
3675 1
3676 1
3677 1
3678 1
3679 1
3680 1
3683 1
3685 1
3686 1
3687 1
3688 1
3693 1
3694 1
3698 1
3699 1
3701 1
3702 1
3703 1
3704 1
3706 1
3709 1
3710 1
3711 1
3712 1
3714 1
3715 1
3717 1
3718 1
3719 1
3720 1
3722 1
3726 1
3731 1
3732 1
3733 1
3734 1
3735 1
3736 1
3737 1
3741 1
3745 1
3746 1
3747 1
3748 1
3750 1
3751 1
3753 1
3754 1
3755 1
3759 1
3761 1
3764 1
3767 1
3770 1
3772 1
3774 1
3775 1
3777 1
3779 1
3780 1
3781 1
3783 1
3785 1
3786 1
3787 1
3790 1
3791 1
3792 1
3793 1
3795 1
3796 1
3797 1
3799 1
3801 1
3804 1
3805 1
3807 1
3808 1
3809 1
3810 1
3813 1
3814 1
3816 1
3817 1
3818 1
3825 1
3830 1
3832 1
3833 1
3834 1
3835 1
3836 1
3837 1
3839 1
3841 1
3842 1
3843 1
3844 1
3845 1
3846 1
3847 1
3848 1
3850 1
3852 1
3855 1
3856 1
3858 1
3859 1
3860 1
3863 1
3865 1
3866 1
3868 1
3871 1
3872 1
3873 1
3874 1
3875 1
3876 1
3877 1
3880 1
3881 1
3882 1
3883 1
3885 1
3887 1
3888 1
3889 1
3892 1
3893 1
3894 1
3895 1
3896 1
3898 1
3900 1
3901 1
3902 1
3903 1
3904 1
3906 1
3911 1
3913 1
3914 1
3915 1
3919 1
3920 1
3921 1
3922 1
3924 1
3927 1
3928 1
3931 1
3932 1
3937 1
3938 1
3939 1
3940 1
3941 1
3942 1
3943 1
3945 1
3946 1
3948 1
3950 1
3956 1
3958 1
3960 1
3963 1
3964 1
3969 1
3970 1
3976 1
3979 1
3980 1
3985 1
3988 1
3990 1
3992 1
3993 1
3995 1
3996 1
3997 1
3999 1
4000 1
4001 1
4003 1
4004 1
4005 1
4006 1
4008 1
4009 1
4014 1
4015 1
4016 1
4017 1
4021 1
4023 1
4024 1
4026 1
4027 1
4035 1
4037 1
4039 1
4040 1
4041 1
4045 1
4046 1
4047 1
4050 1
4052 1
4055 1
4056 1
4057 1
4058 1
4059 1
4060 1
4061 1
4062 1
4063 1
4064 1
4065 1
4066 1
4067 1
4068 1
4069 1
4070 1
4071 1
4072 1
4074 1
4077 1
4080 1
4083 1
4084 1
4088 1
4089 1
4090 1
4093 1
4094 1
4095 1
4096 1
4097 1
4098 1
4104 1
4106 1
4108 1
4109 1
4111 1
4112 1
4113 1
4114 1
4116 1
4118 1
4119 1
4123 1
4124 1
4128 1
4130 1
4133 1
4134 1
4135 1
4137 1
4138 1
4139 1
4141 1
4142 1
4143 1
4145 1
4146 1
4147 1
4149 1
4151 1
4153 1
4155 1
4156 1
4159 1
4166 1
4169 1
4170 1
4172 1
4174 1
4177 1
4179 1
4181 1
4183 1
4187 1
4188 1
4189 1
4190 1
4192 1
4193 1
4195 1
4197 1
4198 1
4199 1
4200 1
4201 1
4205 1
4206 1
4209 1
4214 1
4215 1
4217 1
4218 1
4219 1
4222 1
4224 1
4227 1
4230 1
4232 1
4235 1
4237 1
4238 1
4240 1
4245 1
4248 1
4250 1
4251 1
4254 1
4255 1
4258 1
4260 1
4261 1
4262 1
4263 1
4267 1
4269 1
4270 1
4271 1
4272 1
4276 1
4277 1
4282 1
4285 1
4289 1
4290 1
4291 1
4292 1
4295 1
4296 1
4297 1
4300 1
4301 1
4303 1
4305 1
4306 1
4307 1
4311 1
4312 1
4318 1
4321 1
4322 1
4330 1
4331 1
4333 1
4334 1
4335 1
4336 1
4337 1
4340 1
4341 1
4342 1
4343 1
4346 1
4349 1
4350 1
4354 1
4355 1
4359 1
4360 1
4365 1
4366 1
4369 1
4371 1
4372 1
4373 1
4374 1
4377 1
4380 1
4383 1
4384 1
4386 1
4388 1
4389 1
4391 1
4392 1
4393 1
4394 1
4395 1
4397 1
4400 1
4401 1
4405 1
4409 1
4410 1
4411 1
4413 1
4414 1
4416 1
4418 1
4420 1
4421 1
4422 1
4424 1
4426 1
4427 1
4429 1
4430 1
4433 1
4437 1
4439 1
4442 1
4446 1
4453 1
4454 1
4457 1
4458 1
4461 1
4462 1
4463 1
4465 1
4466 1
4467 1
4468 1
4469 1
4470 1
4471 1
4474 1
4475 1
4476 1
4478 1
4482 1
4483 1
4486 1
4490 1
4491 1
4500 1
4501 1
4502 1
4503 1
4504 1
4505 1
4509 1
4511 1
4513 1
4515 1
4518 1
4519 1
4520 1
4522 1
4523 1
4525 1
4527 1
4529 1
4530 1
4531 1
4533 1
4536 1
4537 1
4540 1
4543 1
4546 1
4551 1
4556 1
4561 1
4565 1
4567 1
4571 1
4574 1
4575 1
4581 1
4582 1
4583 1
4584 1
4585 1
4586 1
4589 1
4596 1
4599 1
4600 1
4608 1
4609 1
4610 1
4612 1
4613 1
4614 1
4616 1
4618 1
4619 1
4620 1
4621 1
4629 1
4631 1
4632 1
4634 1
4641 1
4643 1
4644 1
4645 1
4646 1
4647 1
4648 1
4650 1
4656 1
4660 1
4661 1
4663 1
4664 1
4666 1
4668 1
4673 1
4678 1
4679 1
4680 1
4681 1
4682 1
4683 1
4685 1
4686 1
4688 1
4689 1
4692 1
4694 1
4698 1
4701 1
4703 1
4704 1
4705 1
4706 1
4707 1
4708 1
4717 1
4721 1
4723 1
4724 1
4726 1
4727 1
4728 1
4729 1
4731 1
4732 1
4733 1
4734 1
4738 1
4739 1
4741 1
4742 1
4744 1
4746 1
4751 1
4753 1
4758 1
4760 1
4761 1
4763 1
4769 1
4770 1
4772 1
4773 1
4774 1
4775 1
4776 1
4778 1
4779 1
4780 1
4781 1
4783 1
4787 1
4788 1
4789 1
4794 1
4796 1
4798 1
4801 1
4806 1
4808 1
4810 1
4817 1
4818 1
4820 1
4821 1
4824 1
4825 1
4828 1
4832 1
4834 1
4835 1
4837 1
4841 1
4842 1
4844 1
4845 1
4846 1
4848 1
4849 1
4851 1
4854 1
4860 1
4864 1
4866 1
4873 1
4874 1
4879 1
4881 1
4883 1
4884 1
4885 1
4887 1
4888 1
4889 1
4891 1
4893 1
4894 1
4897 1
4898 1
4899 1
4904 1
4905 1
4907 1
4908 1
4912 1
4913 1
4914 1
4915 1
4917 1
4918 1
4922 1
4925 1
4926 1
4927 1
4928 1
4931 1
4942 1
4943 1
4947 1
4950 1
4954 1
4955 1
4958 1
4959 1
4961 1
4962 1
4963 1
4964 1
4973 1
4974 1
4975 1
4979 1
4980 1
4981 1
4982 1
4988 1
4990 1
4992 1
4993 1
4994 1
4995 1
4997 1
5000 1
2 4159
2 3217
1 1811
1 760
2 680
2 1119
1 702
1 800
2 1259
2 4913
2 666
2 4303
1 779
1 645
1 1548
2 1345
1 913
2 1785
2 4999
2 3272
1 445
2 2030
1 2395
2 2939
2 4203
2 1783
1 1748
2 3118
2 2443
2 4591
2 1004
2 3032
1 788
1 259
1 270
1 321
1 735
2 3280
1 575
2 4013
2 1430
2 1766
1 1429
1 1721
2 2930
2 4697
1 311
2 1303
2 927
2 3642
2 549
1 1027
2 2723
1 186
2 3534
2 46
1 773
1 3083
1 1707
2 2035
2 2290
1 449
2 3659
2 259
2 1344
2 1805
2 1540
1 429
1 2640
1 529
1 1645
2 877
1 364
1 1227
1 6
1 236
2 3617
1 643
1 1029
2 2207
2 627
2 1294
2 3963
1 818
2 3768
1 415
1 650
2 1611
1 111
1 254
1 447
2 4154
2 3071
2 4691
1 411
2 935
1 1236
2 311
1 192
1 401
2 3615
1 821
2 362
2 4769
2 1004
1 986
2 3174
1 1028
2 2054
2 2347
2 505
2 1587
1 552
2 2541
1 1595
2 2278
2 3298
2 506
1 2191
1 1284
2 4510
2 456
1 525
2 1248
1 237
2 2900
2 2553
1 341
2 861
2 2626
1 398
2 30
1 677
2 1297
1 61
2 874
1 2801
1 577
2 3698
2 2811
1 139
1 1126
1 266
2 2186
2 4710
1 872
1 974
2 3582
1 77
2 4400
1 220
2 2491
2 1108
1 328
2 1009
1 696
2 1511
1 705
1 203
2 1730
1 299
2 4884
2 3255
2 2756
1 65
1 639
2 369
2 4313
1 1085
1 593
2 4438
1 446
2 653
1 672
2 4525
1 1511
1 544
1 991
1 1854
2 2335
2 4735
2 4224
1 870
2 4116
2 3035
1 485
1 1171
1 246
1 172
2 796
1 135
2 337
2 3085
1 599
2 1596
1 1576
2 1482
1 478
2 3221
2 2108
2 2524
2 45
2 693
1 2571
1 1777
2 4629
2 213
1 1991
1 1705
2 891
1 609
2 1085
1 794
1 357
2 3022
2 3172
2 3391
1 664
1 1055
1 2424
1 809
1 337
1 1713
2 4772
2 375
2 1056
1 162
1 1526
2 1975
2 3070
1 218
2 2081
1 640
2 445
2 4671
1 508
2 2795
2 2753
2 3869
2 1182
2 1237
2 2923
1 518
2 3318
1 1956
1 955
2 3945
2 577
2 1296
1 763
1 505
1 408
2 2970
2 968
2 4847
1 52
1 591
1 2224
1 2384
1 892
2 746
1 1829
1 1045
1 862
1 297
1 98
2 4711
2 3097
2 115
1 346
2 1234
1 653
1 216
1 2704
1 471
1 2794
2 806
2 541
2 274
1 2030
2 2662
1 1140
2 2217
2 4528
2 2859
2 2305
2 4890
2 2445
1 528
2 3711
2 4424
2 1332
1 646
1 850
2 2290
1 2889
1 714
2 2112
1 258
2 2429
2 4427
2 1034
2 1076
2 1419
1 495
1 164
2 4695
1 835
1 188
1 558
2 4710
1 318
2 2079
2 3436
2 981
1 1064
1 572
2 42
2 3065
1 1591
2 1012
2 3939
2 1713
2 3412
2 4528
2 2593
1 1792
1 424
1 533
2 40
2 2712
1 716
1 1524
2 2068
2 4474
2 381
1 690
2 373
2 4456
2 372
2 4538
2 3959
2 4158
1 781
1 2963
1 190
1 3021
2 3887
1 1698
1 2095
2 6
1 1331
2 3931
1 1353
2 3291
2 1405
1 360
1 1000
1 2023
2 4806
2 641
2 2249
1 464
2 1629
2 1253
2 377
1 2182
1 213
1 1127
2 3943
1 1180
1 179
1 685
2 585
1 887
1 2394
1 91
2 2249
1 721
1 831
1 1335
1 2223
2 239
2 1844
2 4605
2 1470
2 4894
2 1562
1 17
1 326
2 653
2 771
2 4279
2 4513
2 4246
1 769
2 2432
2 3624
1 1514
2 4619
2 4342
1 21
2 2709
1 1231
1 1482
1 3064
1 264
1 1268
2 1284
1 27
2 434
1 2468
1 191
1 356
1 667
1 756
2 4017
1 2
1 1775
2 2891
1 1254
2 4645
1 3020
2 2279
2 3603
2 11
1 1163
1 3032
1 2145
2 2485
2 366
2 4145
1 347
1 1122
2 1775
1 1608
2 4155
1 871
2 3253
1 492
1 421
2 2233
2 599
1 115
1 57
2 1109
1 324
1 2494
2 759
2 4299
1 1243
2 4763
2 647
1 2231
1 1088
2 4844
1 1031
2 4438
2 1636
2 374
1 2796
2 2462
1 583
1 1197
1 938
1 590
2 685
1 178
1 805
2 1908
1 1012
1 1734
2 1251
1 683
1 161
2 4697
2 3414
2 1663
2 1189
2 769
1 2188
1 2067
1 374
2 4871
2 3137
2 115
2 4988
1 1325
2 2846
2 4557
2 3256
1 3034
1 173
1 2359
1 2647
2 133
1 268
1 40
2 4187
2 1173
2 261
2 4281
1 2606
2 3297
1 1368
2 3349
2 507
2 4374
1 2706
1 112
1 1602
1 2505
1 2502
2 4750
2 3589
1 1476
1 1743
1 860
2 3522
2 3750
2 3947
2 256
1 2918
2 4916
1 3093
1 1520
1 1253
1 2848
2 1018
1 1770
1 853
1 1194
2 2707
1 1928
2 4772
1 2157
2 2556
2 2342
1 820
1 143
2 2902
2 631
1 358
2 264
2 530
2 3829
1 1024
2 2621
2 3204
2 1796
1 392
2 3132
2 3506
2 1972
2 920
1 671
2 1615
2 4344
2 1295
1 654
1 2035
1 2107
1 70
2 514
1 322
2 4840
1 1250
1 751
2 1913
1 399
1 1917
1 1142
1 946
1 537
2 3095
1 413
1 2113
2 4802
1 385
2 399
2 4494
1 1004
1 2475
2 3479
1 2360
2 4691
1 119
1 2087
1 748
2 1857
1 1787
2 3411
2 1621
1 2558
2 3296
1 1218
2 853
2 746
2 3221
2 3961
1 85
1 354
1 107
1 340
2 4145
1 857
1 327
1 984
1 380
2 143
2 2657
1 176
1 1695
1 168
2 591
1 1605
1 1654
1 2536
1 1098
2 1894
2 1225
2 309
1 1200
2 1712
2 3058
2 4324
2 495
2 3589
2 22
2 2039
2 2600
1 3047
2 924
2 541
1 404
1 1248
1 241
1 443
1 1722
2 2658
1 1490
2 876
2 1452
1 466
1 1300
1 539
2 2495
2 1197
1 416
2 3945
1 274
1 490
1 1175
1 1421
2 3855
1 2463
2 4189
1 1782
1 338
2 314
2 4637
1 2543
1 461
2 4071
2 3394
1 2366
1 58
2 2048
1 2513
2 4215
2 4971
2 1105
1 2925
2 3019
2 4491
2 3029
1 937
1 1225
2 178
1 293
1 506
1 668
1 692
2 1959
1 996
2 3978
2 2224
2 2453
2 684
2 1262
1 129
1 3106
1 308
1 559
1 2350
2 623
1 2183
2 4854
1 661
1 430
2 1422
2 581
1 151
2 2656
2 872
1 1148
1 425
2 1285
1 285
1 110
2 2690
1 68
2 48
2 3137
1 502
2 4216
2 4989
2 3325
2 1044
1 2739
2 4327
2 859
1 826
1 1260
1 1694
2 2503
1 1492
2 3550
2 4944
1 325
2 1258
1 1459
1 2735
1 3128
1 2899
2 4530
1 1259
1 1706
1 2457
2 2529
1 2871
1 378
2 903
1 669
2 1622
2 466
1 2414
2 3509
1 1955
1 2226
1 92
2 2859
1 47
1 796
1 813
1 1651
2 530
1 1625
1 837
2 1309
1 1615
1 1703
1 1672
2 2854
1 1783
1 1346
1 2998
2 4198
2 1567
1 758
2 566
1 2432
1 1034
2 2675
2 1378
1 2584
1 204
2 579
1 2613
1 1226
1 855
1 239
1 1360
2 1268
1 1316
1 2757
2 194
1 225
1 1941
2 54
2 4218
2 470
1 1141
1 2032
1 473
1 1005
2 4956
1 2213
1 1951
1 516
2 1776
2 2930
2 2239
1 1011
1 954
1 2692
1 608
1 736
2 2340
1 579
2 1136
2 3443
1 122
1 1230
2 4998
1 658
1 3190
2 2132
2 1938
2 1946
2 1866
1 290
1 2934
1 879
1 1400
1 652
1 1321
1 2695
1 94
1 233
2 3427
2 1835
2 543
2 2299
2 485
2 4454
2 3183
1 1061
2 2971
2 4433
1 838
1 2860
1 615
1 2433
2 2205
1 339
2 4975
1 868
1 3186
2 2502
2 1278
1 174
1 2086
1 2989
1 722
1 113
1 183
2 2474
2 1468
2 74
2 807
2 4125
2 1781
1 2895
2 4673
2 2837
1 1286
1 243
2 2667
2 2184
1 1302
2 1364
1 1746
1 1370
2 3210
1 589
2 4006
1 951
1 2487
2 4066
2 4160
2 3938
2 2787
2 4671
2 1250
1 455
1 1986
2 1779
2 2150
2 1287
1 570
1 456
2 4665
2 4717
2 90
2 2507
1 1668
1 373
1 2994
2 1512
1 1273
2 734
1 1207
2 1350
1 866
1 1252
2 4406
1 742
1 152
2 222
2 506
1 435
2 811
2 692
2 934
1 261
2 3046
1 2420
1 3072
2 482
1 832
2 1212
1 1124
2 4636
2 50
2 2323
2 1661
2 2415
1 131
1 36
2 4613
1 907
1 2085
2 3474
1 1737
2 1460
2 4254
1 394
2 4967
1 701
2 4857
2 2653
1 1160
2 1914
1 929
1 625
2 2927
1 1969
2 726
2 3735
2 164
2 801
2 1676
2 339
1 396
1 193
2 4179
1 524
1 2862
1 296
2 1604
2 4300
1 438
1 899
1 1138
1 2666
1 2811
1 314
1 1170
1 1220
2 2778
1 1109
2 2158
1 1256
2 3461
2 2555
1 916
1 512
1 1950
1 54
1 1396
1 1497
1 82
1 1210
2 1651
2 3711
2 1622
1 2923
1 1532
2 3214
1 1115
1 1018
2 180
2 2783
2 3203
1 670
1 1585
1 2478
2 1650
2 203
1 484
1 1974
1 582
2 2590
1 2722
2 4386
2 209
2 1712
1 3133
1 317
1 451
2 4397
2 4800
1 784
2 475
1 961
2 3126
1 567
2 4099
2 922
1 1691
1 765
1 1422
1 479
1 3158
1 616
2 2281
2 4983
2 4405
2 4434
1 1201
2 1506
1 1311
2 768
1 2301
2 38
1 923
2 2632
1 785
2 2719
2 1862
2 2678
2 2550
2 3937
1 3049
1 1752
1 1244
2 3648
1 75
2 4363
2 1939
2 4663
2 539
1 1130
2 996
1 1049
1 331
2 2952
2 3682
1 1087
2 4489
2 678
2 1197
1 154
2 4749
2 1062
1 3177
1 3155
2 4249
1 1430
2 2392
2 3663
2 3069
1 629
1 248
2 1212
1 584
1 244
1 2846
2 3020
2 4749
1 710
2 666
1 581
1 2711
1 196
1 864
1 1542
1 971
2 1132
2 3429
2 4766
2 4162
2 2558
2 1542
2 4800
1 1791
2 4341
2 2704
1 3003
2 1911
2 4620
2 1511
2 3174
2 948
1 801
1 428
2 620
1 3007
1 1095
2 755
2 328
2 1948
2 1378
1 695
2 2554
2 1878
2 3738
2 2970
2 401
1 251
1 549
2 3036
2 1554
1 1582
2 4686
1 163
2 877
2 432
2 3820
1 1618
1 816
1 2387
2 2117
2 2504
1 2557
1 1505
1 1418
2 2919
1 2656
1 574
2 1389
2 2539
1 3053
2 2569
1 59
2 1518
2 4819
2 126
2 1818
1 1767
1 886
1 2560
1 468
2 994
2 2827
1 1032
1 240
1 405
2 92
1 966
2 191
2 997
2 1568
2 4191
2 3313
2 2913
2 422
1 1108
2 3184
1 2246
1 187
2 4889
1 1080
2 2545
1 2798
2 820
2 1811
1 694
2 4647
1 499
2 4313
1 2161
2 2280
2 2792
2 3452
2 1457
2 4620
2 2944
1 660
2 222
2 4185
2 3043
1 585
1 3025
1 2233
2 1528
2 4007
1 180
2 690
2 810
2 3028
2 1529
2 1848
2 1847
1 470
2 124
1 349
2 2078
2 295
2 456
2 590
2 3275
2 3702
2 3293
2 4290
1 1419
1 20
1 350
1 2588
1 566
1 1538
1 1726
2 966
1 1801
2 2815
2 4648
1 38
2 4117
2 2182
2 3236
2 3581
1 1635
2 4720
1 2399
1 362
1 2239
2 855
2 4255
1 2766
1 2053
1 26
2 420
1 662
1 469
2 3755
2 2778
1 2189
2 3262
1 448
2 4556
2 1212
1 1613
1 1460
2 4671
2 177
1 1968
2 4489
2 917
2 1281
2 2871
1 118
1 1971
2 2231
2 2458
1 265
2 935
2 3276
1 433
2 2953
1 375
2 1454
1 2436
2 4606
1 1862
2 935
2 3963
2 4509
1 1367
2 1214
2 4908
2 1284
1 393
2 1615
1 1535
1 1185
2 2872
2 115
2 700
1 1611
1 965
1 2218
2 1420
1 515
1 1144
1 23
2 1375
1 1383
1 1648
1 1568
2 1012
1 787
2 588
1 1823
1 1642
1 1810
2 4563
1 520
1 1470
1 171
2 4074
2 1755
2 1565
2 1006
2 1883
2 2930
1 262
2 397
1 1271
2 911
2 4598
2 71
1 2429
1 2835
1 2793
1 25
1 71
2 4500
2 490
1 2515
2 3638
2 2084
1 2400
1 1270
1 2323
1 379
1 1731
2 2032
1 2856
1 2404
1 287
2 4774
2 4323
1 636
1 2703
1 663
1 249
1 1102
1 1278
2 4257
1 1643
1 84
2 4701
2 2905
2 3494
1 665
2 251
2 2501
1 2574
1 555
2 4613
1 127
2 1718
1 1348
2 3771
1 3131
1 1019
1 221
2 1136
2 4262
2 4164
2 1431
1 1911
2 756
1 1729
1 2859
1 1196
1 136
2 1078
2 3546
1 531
1 1075
2 3018
2 849
2 2426
2 2861
2 4720
2 3684
2 3676
2 3214
2 4440
1 1660
2 3260
1 674
2 2214
2 4173
2 4754
2 2610
2 3249
1 63
2 1873
1 198
1 439
2 245
2 450
1 824
2 4028
1 3159
1 849
1 130
1 1006
1 2530
1 2498
2 14
2 4137
2 3271
2 1362
1 852
1 514
1 1515
1 2194
1 1987
1 1994
1 64
1 2902
1 1600
1 1293
1 395
2 1556
2 1761
2 757
1 945
1 1449
1 1145
2 353
2 3803
2 2030
2 942
1 269
1 1107
2 3042
2 3359
1 418
1 367
2 4884
2 1830
1 2160
1 2111
1 167
2 3562
1 534
1 897
1 1727
2 2150
2 1136
1 363
1 109
2 2807
1 15
1 1760
2 3352
1 1559
1 1158
2 942
2 1969
1 1456
1 2291
2 2576
2 731
2 956
2 3513
1 149
2 1087
2 3658
2 2779
1 1323
2 4330
1 635
2 4839
2 3951
1 83
1 1619
1 598
2 3721
1 851
2 1958
2 3805
2 2704
2 4290
2 518
2 2037
1 1993
2 3323
2 3202
1 1023
1 3119
2 484
1 814
1 507
1 651
2 4107
2 3421
2 366
2 492
1 586
2 1690
2 1053
1 298
1 147
2 4835
1 1980
2 1214
2 191
1 718
1 1211
1 1212
1 24
2 3802
2 4123
1 312
2 1953
1 890
2 1246
1 2317
2 2412
2 2567
1 527
2 1549
1 2002
1 477
1 97
1 170
1 804
1 1203
1 956
1 511
1 2809
2 2055
2 4501
2 4914
1 1534
2 1497
2 1134
1 1939
2 2305
2 4659
2 4928
1 958
2 1071
2 776
1 344
2 820
2 2387
1 644
2 3269
1 141
2 3307
2 50
2 1650
1 1590
1 409
1 576
2 4638
1 542
2 1571
1 2461
1 387
2 2000
1 770
2 3502
2 954
2 2230
2 2722
1 1908
1 1048
1 382
1 3135
2 4510
2 935
1 619
1 1447
1 912
2 3256
2 812
1 673
2 1121
1 99
1 465
2 3136
2 791
2 3607
2 3905
2 1700
2 2009
1 1607
2 1665
2 758
2 1253
1 160
2 4937
2 3566
1 2901
1 351
1 125
2 546
1 1395
2 3621
1 1358
2 1043
2 1952
1 2755
2 4095
1 601
1 2823
1 480
1 1339
2 333
1 2517
2 2208
1 2460
1 1900
2 3142
2 2009
2 3517
2 4196
2 4637
2 4770
1 1466
1 686
1 3127
2 2063
1 440
2 3800
1 2637
1 924
1 3163
1 1167
2 1934
1 988
2 2154
1 3039
1 2019
2 1814
2 131
1 2007
1 808
2 721
1 309
1 1246
1 880
2 2398
2 1715
2 748
2 1767
1 300
1 2759
2 4070
1 803
2 2269
1 1359
2 2285
1 1996
2 1065
1 911
1 1621
2 197
1 87
1 1438
1 1457
1 1079
2 101
1 3140
2 3210
2 4359
1 1169
2 2521
2 4713
1 807
2 3006
1 2168
1 1083
1 2324
1 76
2 3312
1 944
1 336
1 1009
1 2311
1 1398
1 2190
2 4499
2 3785
1 840
1 146
2 4821
1 666
2 103
2 3401
2 4679
2 2024
1 1275
1 371
2 3623
1 734
2 418
1 1448
1 2339
1 1338
1 1014
1 2377
2 3060
1 2363
2 4865
1 51
2 2834
2 1076
2 3553
2 2864
2 270
2 3878
1 774
2 3694
1 29
2 3440
1 1704
1 3000
2 3511
1 1875
2 223
2 1047
1 2526
1 522
2 1662
2 2867
1 3124
1 2556
1 81
1 66
1 739
1 426
1 124
2 3761
2 3929
1 1051
2 2787
1 1686
1 2313
1 2730
2 208
2 981
2 3801
2 3048
1 768
1 95
1 1739
1 2484
2 2921
2 4139
1 345
1 3022
1 2607
2 558
2 4344
1 1242
2 164
1 526
1 2208
1 1340
2 1491
2 2875
2 3307
1 2345
2 1495
1 450
2 929
1 80
1 2306
2 3955
1 873
2 957
2 4042
2 1332
2 1724
1 596
1 1129
2 3514
2 3874
2 2868
2 3047
1 1592
1 648
1 1283
2 3322
2 3461
1 2938
2 2930
1 513
1 150
2 1791
1 905
1 2251
1 2544
1 1375
1 228
2 4452
1 1356
1 790
1 1233
2 1827
1 386
1 620
1 2028
2 2782
2 1183
1 611
2 4881
2 1403
2 1635
1 1855
2 2661
2 842
1 2956
2 4492
1 1285
2 3390
1 402
2 4639
2 3066
1 1565
2 2786
2 2130
2 4137
2 3539
2 2150
1 915
2 3745
1 1897
2 4083
1 313
2 4078
1 1539
1 493
1 217
2 1360
2 2151
2 1905
2 3518
2 644
2 352
2 4472
2 2362
2 2508
2 2963
2 3841
1 688
1 623
2 4246
1 352
1 2297
2 531
2 3216
1 1433
2 2782
1 1317
2 2763
1 797
1 1106
1 1071
1 624
2 509
1 280
2 3355
2 3627
2 3898
1 436
2 4344
2 3149
2 3288
1 366
1 1267
1 5
2 3674
2 253
2 137
2 203
2 4504
1 957
2 1570
1 1628
1 3122
2 4347
2 4440
1 276
1 2535
1 1435
2 427
1 1042
2 3482
1 2205
2 2904
2 4599
1 1191
2 502
2 4149
2 327
2 1866
1 1594
2 459
2 827
2 1028
1 342
1 2876
1 1670
1 104
2 2831
2 4960
2 2038
1 1708
2 4926
2 4209
1 740
1 355
2 3487
1 2148
2 3815
2 3259
2 931
2 3596
1 2176
1 1121
1 1060
2 2317
2 1909
2 2570
2 2289
2 2774
1 962
2 4235
1 114
1 1958
1 2908
1 1050
2 1786
2 2784
1 1036
1 289
1 2325
1 44
2 1730
1 726
1 227
1 2154
2 629
2 2167
1 1181
1 1298
2 3229
2 1291
2 4911
1 1465
2 535
2 1450
2 472
2 2994
2 1298
2 1293
1 2060
2 2268
2 4788
2 4816
2 977
1 62
1 2634
2 4965
2 3752
1 1857
1 1692
1 100
1 909
2 1167
2 574
1 2781
1 2472
2 1381
2 985
1 457
2 744
2 1684
2 147
1 994
1 2322
1 786
1 305
1 2833
2 4723
1 86
1 893
2 1804
2 58
1 2033
2 3734
1 1315
1 2381
2 1508
1 745
1 2566
1 1912
2 4928
2 1572
1 815
1 633
2 3604
2 2874
2 3130
1 1557
2 2850
2 2525
1 829
1 1478
1 1393
2 2729
2 1907
1 2287
1 2700
1 2342
2 298
1 926
2 3848
1 2699
1 315
2 1395
2 4453
1 699
1 214
2 840
1 858
2 65
2 3790
1 2459
2 1954
1 563
2 4348
1 942
1 1679
2 3649
1 2697
1 997
1 1440
2 3897
1 1116
2 2713
2 4835
2 630
2 225
1 2331
2 3845
1 2450
2 1908
2 184
2 2975
1 2234
1 307
1 2376
2 3576
2 705
2 4190
1 1376
1 207
1 2787
1 1964
2 265
1 1327
2 2318
1 1662
1 120
1 2593
1 811
2 2293
2 4275
2 2175
2 1866
2 193
2 3121
2 1527
1 2982
1 1401
1 1738
1 2466
2 709
1 687
1 333
2 1096
2 4763
1 329
1 679
2 4198
1 622
2 3480
1 560
2 112
1 2181
1 1405
1 876
1 369
2 332
1 476
1 2173
1 1364
1 2481
1 941
2 3285
1 3009
2 343
1 2879
2 2208
1 1610
2 2249
2 2480
1 159
2 2525
1 848
1 902
1 3162
2 554
1 949
2 567
2 1943
2 3280
1 1587
2 3180
1 1978
1 22
1 1871
2 4152
2 2850
1 3197
2 1771
2 3984
2 3685
1 142
1 741
2 123
2 674
2 1143
1 278
2 2501
1 532
2 4237
1 1547
1 67
2 2410
1 330
1 50
2 888
1 778
1 2329
2 273
2 3562
1 540
1 1263
1 2427
1 521
2 4265
1 2347
2 3962
1 519
1 1301
2 3764
2 819
2 2899
2 4704
2 1704
1 1785
2 4386
2 3577
2 1603
2 3604
2 754
2 485
2 590
1 2130
1 1869
2 3848
2 2994
2 3518
1 2341
2 3331
1 554
2 4165
1 1177
1 3182
1 273
2 1141
1 3191
1 2407
2 3565
2 3722
1 49
1 2993
2 1631
1 1136
1 738
1 2259
1 1789
1 90
1 1473
2 3502
1 3188
1 2955
2 4150
2 166
1 1135
1 2110
2 2036
2 3230
1 2105
2 2816
2 1766
1 2563
1 1152
1 42
2 143
2 3069
1 1820
1 452
1 1832
2 223
1 3202
1 733
2 4023
1 427
2 3638
1 747
1 959
1 3103
2 1802
2 3450
1 1372
1 1403
2 2943
1 1352
1 2050
1 1796
1 1146
2 283
2 2929
1 2509
2 388
1 2602
1 2913
1 1732
2 952
2 3443
1 595
2 3016
2 4334
1 2912
1 2812
2 2913
2 4251
1 467
2 2469
2 506
1 1838
2 3853
1 1314
2 984
2 4375
1 869
2 4776
2 4535
1 2687
2 1051
1 3138
2 1695
1 2945
2 3175
1 2611
2 3559
2 571
2 3897
1 2763
2 1856
2 1396
1 238
1 1035
1 753
2 4079
1 2826
2 2032
2 2383
2 1702
1 2853
2 4798
2 2506
1 2255
2 2548
1 286
1 316
2 3949
2 847
1 2802
2 178
1 1837
1 1995
2 4561
1 1623
1 175
1 169
1 1700
2 3833
1 2931
1 847
2 4581
1 1357
2 3263
2 3953
1 618
1 3175
2 604
1 2670
2 571
1 657
2 3711
2 2393
2 110
1 3010
2 3465
1 138
1 1551
1 242
2 1799
2 1084
2 3302
2 1267
2 4135
1 2104
1 1183
2 2109
2 4924
1 1828
1 458
1 1310
2 3810
1 365
2 3317
1 1863
2 785
2 511
1 1074
1 3113
1 1506
1 1495
2 4269
1 2553
1 2031
2 115
1 1377
1 310
2 2317
1 46
2 3874
1 482
2 551
1 2328
1 2806
2 157
2 2912
2 3900
2 2959
2 4186
1 952
2 1875
1 412
2 1429
2 4003
2 3207
1 711
1 1981
1 1189
1 859
2 1712
2 227
2 2813
1 2567
2 2108
2 3406
1 304
1 165
2 675
1 2222
1 1684
1 2237
2 3514
1 693
2 912
1 1277
2 331
1 2636
1 1070
2 3061
1 431
1 3014
1 1626
1 2356
2 4352
1 3099
2 3778
2 4962
2 1988
1 400
2 4451
1 2493
2 2575
2 4413
1 423
2 2897
1 1434
2 1873
1 1399
2 3666
2 3288
2 670
1 1003
1 1657
1 343
2 2441
2 4654
1 1026
2 1292
2 4857
1 2200
2 1803
1 3142
1 28
2 2571
2 3265
2 314
2 1010
2 4030
1 1165
2 2671
1 1287
2 2403
2 660
1 795
1 715
1 964
2 4311
2 1021
2 4140
1 1530
2 4157
2 3040
1 1015
2 2426
2 394
2 1026
1 2930
1 1755
1 3139
2 4379
2 2203
1 194
1 3114
2 2104
2 1678
1 3063
2 806
2 3773
2 4753
2 3057
2 3258
2 656
1 877
2 2748
1 1222
2 1092
1 1041
2 981
2 1886
1 60
2 1452
2 1828
1 1943
1 1303
2 79
1 2134
1 936
2 96
1 1090
1 1223
1 1420
1 2752
2 2414
1 277
1 703
2 1948
1 1808
1 2051
2 2707
2 2667
1 943
2 210
2 3114
1 1571
2 1535
1 839
1 1072
1 908
1 856
2 421
2 3281
1 1007
1 656
2 2048
1 2597
2 2979
2 3850
2 3826
2 596
2 4490
2 1779
2 1405
2 540
1 1637
2 1953
1 783
1 2705
2 1911
2 4988
2 3197
2 2585
2 3546
2 242
1 1882
2 2733
2 3443
2 1501
2 1064
1 2099
2 954
1 2225
1 535
2 1201
2 4835
1 2421
1 96
2 1430
1 1279
1 517
1 1159
1 3018
2 3487
1 979
1 201
1 199
2 1797
2 442
1 621
2 2718
2 1924
2 2150
2 3620
1 1215
1 1077
1 3156
1 883
2 325
1 231
2 2178
1 612
1 1584
2 4003
2 1236
2 42
2 1103
1 2196
2 2685
1 604
1 2396
2 2134
2 83
1 3100
2 2799
2 4167
1 720
1 2732
1 1258
2 605
2 3586
1 1446
2 4115
2 2827
1 2675
1 2838
1 939
1 16
1 1688
1 2576
2 4077
2 1148
1 2541
2 1530
1 1864
2 4811
1 69
2 2904
2 1462
2 4524
2 3231
1 830
2 2357
1 885
2 3831
1 1972
2 3660
2 742
2 4581
1 2942
2 3012
2 1877
1 2122
2 3935
2 3237
2 516
1 2756
2 3614
1 2729
2 4100
2 957
2 4635
2 1482
1 1341
1 1332
1 712
2 4458
2 1229
2 4829
1 1294
1 3068
2 1507
2 2920
2 1526
2 2995
2 1770
1 1030
1 1063
1 1232
2 3266
1 969
1 2288
1 1128
1 3055
1 1682
2 454
2 4689
1 1819
1 1299
1 2522
1 1644
2 1134
1 3101
1 3129
1 2406
1 1013
1 158
1 1078
2 2504
2 2591
2 626
1 224
2 1323
1 1496
2 572
1 3052
2 3481
1 441
2 4074
1 1161
1 420
1 2685
1 963
2 1971
2 4855
1 2852
2 3109
1 1664
1 121
1 1073
2 3689
1 1574
1 983
2 4322
2 160
1 1573
1 743
2 4949
1 3015
2 3092
1 1780
1 2817
1 2020
2 2998
2 1309
2 857
1 2244
1 2470
1 2495
1 1843
1 1543
2 2703
2 4313
1 2976
2 4725
2 3975
1 1392
1 2954
1 1002
1 306
1 1516
2 4988
1 638
1 1184
2 3532
2 4652
2 1926
1 901
2 1013
2 4356
1 1834
1 2084
2 1193
2 1406
2 4201
2 3438
1 332
2 2937
2 3094
2 455
1 3143
2 4392
1 1306
2 1927
1 2598
1 754
2 2816
2 2611
1 2570
1 2839
1 275
2 749
1 889
1 896
1 209
2 3922
2 1696
1 1282
2 4296
2 3868
2 2240
1 2277
2 2679
1 215
1 1790
1 780
1 359
1 3057
2 2738
1 2388
2 1665
1 2438
1 2914
1 2367
1 7
1 647
1 1410
2 3978
1 2021
1 3199
2 764
1 3146
1 1379
1 895
1 1569
1 1947
2 4220
2 67
2 4928
2 2036
1 2141
1 1441
1 1484
1 1238
1 2473
1 148
2 827
1 1082
1 2254
1 917
1 594
1 1412
2 4478
1 487
2 88
1 2610
1 1187
2 220
2 604
2 4145
1 1566
2 1664
2 3768
1 1794
2 4840
2 2643
2 2747
2 3239
2 4178
2 3956
2 1897
2 770
1 2621
1 2533
1 1349
2 3611
1 156
2 2112
1 1297
2 3865
2 4338
1 717
1 509
2 512
1 108
2 679
1 2103
2 2858
2 2031
2 4372
2 212
2 1982
1 1540
1 730
1 140
1 1117
1 3076
2 3761
2 4674
1 1513
1 2283
1 749
1 1190
2 3681
2 1225
1 2497
2 4996
2 2635
1 1510
2 3363
1 2270
1 419
2 115
2 3766
1 294
1 960
2 2881
2 1182
2 42
2 3209
2 3685
1 2048
1 123
1 1856
2 1102
2 1939
1 2973
1 2782
2 3641
2 3753
1 1025
1 1852
1 1761
2 2840
1 1681
1 2425
1 2264
1 1264
1 2754
2 1976
2 203
1 1157
1 2235
2 3923
1 459
2 977
2 68
1 2604
2 2914
2 3290
2 1454
2 629
2 1214
2 1039
1 3013
1 2483
1 1221
2 3414
1 1896
2 3709
1 444
1 368
2 544
1 1455
1 1736
2 3590
1 1309
1 675
2 2329
2 3867
2 271
2 4715
1 41
2 4318
1 3056
2 4073
1 1680
1 234
1 928
2 4266
2 3321
2 644
2 827
2 1092
2 757
2 20
1 3160
1 3115
2 1923
1 2507
2 4225
2 709
2 4300
2 3989
2 2949
1 437
2 3229
1 494
1 335
1 208
1 1572
2 4672
1 2210
1 272
1 1508
2 329
1 2321
1 3042
1 3130
2 434
2 935
2 1774
2 712
1 2579
2 3716
1 1773
1 255
1 776
1 2857
2 4639
1 134
1 2334
1 500
1 2623
2 471
2 1201
1 708
2 2313
2 4890
2 1074
2 171
1 1629
1 1923
2 1288
2 3707
2 3239
2 2280
1 927
1 1114
1 1818
1 2221
2 900
2 4977
2 4568
2 4328
1 2978
1 2397
1 1909
2 4348
1 481
2 1737
1 578
1 1879
2 1937
2 1654
1 1101
2 3066
2 2623
1 1432
2 3602
1 3144
2 2459
1 1512
2 3402
2 3855
2 191
2 3745
1 232
1 1502
2 3401
1 2464
1 2094
1 1176
2 4798
1 932
1 1633
2 4811
1 597
2 1473
2 3713
1 799
2 3830
2 2233
2 635
1 260
2 1392
1 1575
1 2957
1 2988
1 2207
2 3815
1 792
2 2688
1 592
1 2681
1 827
2 691
2 1198
1 388
1 548
1 460
1 1847
2 489
2 4180
1 1337
2 4645
2 2780
2 4716
2 2424
2 966
2 4752
2 4749
1 432
1 1558
2 841
1 3170
1 2299
1 950
1 755
2 2081
1 2510
2 198
1 503
2 1922
1 319
1 1280
2 2093
1 1065
2 3369
1 212
2 4836
1 875
1 2156
1 1351
1 1683
2 1069
2 1019
1 1622
2 2959
2 1480
1 195
1 3189
2 1989
1 2101
2 2185
1 391
2 4425
1 72
2 4623
2 1035
2 3332
1 2330
1 1229
1 1407
2 2319
1 1914
2 4266
1 1296
2 559
1 1671
1 972
1 2983
1 282
2 2699
2 4855
1 2780
1 2516
1 1043
1 37
1 772
2 4808
1 334
1 2935
1 1724
1 817
1 922
2 4821
2 3759
2 1351
1 2126
2 4711
1 2724
1 3090
1 1471
2 3484
1 1845
1 2855
1 2486
2 4221
2 554
2 1821
1 1381
2 548
2 145
1 967
1 30
1 2911
2 1829
2 625
1 2479
1 390
1 1699
1 1933
2 28
2 4820
1 3121
1 1758
2 4419
1 2910
2 4887
2 2582
2 1377
1 2555
1 1489
1 976
2 2507
2 2473
2 1033
1 185
2 520
2 1432
1 557
2 2542
2 2132
1 2138
1 2747
1 793
2 2973
2 884
2 3001
2 1618
1 729
1 3096
1 1521
2 3716
1 1523
1 2307
2 3384
2 1636
2 552
2 709
2 1329
1 1404
2 4232
2 1765
2 3821
1 1579
1 116
2 4908
2 2761
1 1867
1 2393
2 3160
1 2265
1 3137
1 253
2 2463
1 1213
1 2092
1 3089
2 1720
2 2017
2 3865
1 682
1 2746
1 1609
1 2979
2 3470
2 4195
2 3990
2 1043
2 4260
1 990
1 1883
2 1164
1 3118
1 3174
1 649
2 3715
1 2253
2 4041
2 974
2 2571
2 1026
2 2127
2 2934
1 454
1 1329
1 2158
2 2012
1 2455
2 4836
1 3161
1 3077
1 1443
1 1749
1 1139
2 4064
1 376
2 1084
2 2560
2 1144
1 2702
1 1498
2 3120
2 4946
2 4626
1 1851
2 536
1 2864
2 3461
2 2933
2 488
2 3910
2 3930
1 2689
2 2184
2 3109
2 2165
2 3519
2 3493
2 2995
1 1899
2 2688
1 1390
2 4359
1 627
2 111
2 1610
1 1209
2 3674
2 553
1 3086
1 1873
2 235
2 1911
2 3835
2 3550
1 200
1 1853
2 1292
2 702
2 3142
2 4751
1 2728
1 155
2 4991
1 2568
2 2086
2 2697
1 3116
2 2933
1 2720
2 82
2 3974
1 867
2 4501
1 1531
2 453
2 251
1 3147
1 3066
2 3604
2 2895
2 1661
2 3367
1 789
1 2280
2 1989
2 1894
1 613
1 247
1 600
2 3417
1 177
1 1343
2 4830
1 992
1 407
1 948
1 2921
1 3080
2 4401
2 3180
2 2705
1 102
2 3116
2 4900
2 2754
2 4137
2 2441
1 1876
2 1906
1 1094
2 3909
1 1696
2 534
1 132
1 2500
2 3864
1 2599
2 1105
2 1356
1 2872
2 2930
1 2227
1 1322
2 1538
2 2555
2 1871
1 1888
1 678
2 4725
2 3598
2 362
1 1640
2 610
1 920
1 245
2 149
2 3533
2 719
2 674
1 181
1 2851
2 858
2 2705
1 1255
1 2865
1 2193
2 1678
1 2861
2 1437
2 3864
1 1474
2 4716
1 252
2 180
1 88
2 756
1 2402
2 4087
1 2248
2 2586
1 1494
2 403
2 2779
1 617
2 2199
2 1935
1 587
2 4707
2 1132
2 94
1 791
2 2896
1 1147
2 4849
1 2041
2 806
2 3466
1 1639
1 1802
2 1414
2 3342
2 911
1 1588
1 2440
1 1347
1 602
1 1959
2 3898
1 727
2 2056
1 3193
1 900
1 3069
1 1224
2 1410
1 2392
2 3047
1 2836
1 1319
2 1036
1 3040
1 263
2 3934
2 4275
2 4575
2 3983
2 4176
1 1717
1 2412
1 2465
1 2800
1 2488
2 4572
1 1086
1 1860
2 3917
2 1267
2 3946
2 1669
1 1673
2 2054
1 504
1 496
2 4392
1 759
2 305
2 1310
2 1588
2 4243
1 1839
2 2411
2 1640
1 1929
1 564
1 1257
2 526
1 1228
1 2832
2 2920
2 3910
1 1265
2 821
1 1806
1 1112
2 330
1 2009
2 583
2 1631
2 2433
2 1718
2 1857
1 2068
2 4580
1 3149
1 953
2 12
2 1976
2 4989
1 2275
2 3970
2 2998
1 1537
1 1564
1 2970
2 1374
1 2243
1 565
1 1659
2 4145
1 197
1 2753
1 1934
1 235
1 1598
2 3879
2 1328
2 4107
1 836
1 2129
2 1183
1 2119
1 434
1 284
1 1354
1 2314
2 4702
1 1120
2 853
2 775
2 1743
1 614
1 2726
2 2630
2 2866
1 2618
2 2880
2 2414
2 2404
1 1872
2 1514
2 2625
2 2444
1 2445
2 2842
2 742
1 684
2 2450
2 4268
2 3816
1 843
2 829
1 229
2 748
2 4089
1 1884
2 3059
1 3194
1 1289
1 2037
1 1156
1 3192
2 2787
2 2811
1 1763
1 834
2 951
2 1504
1 993
1 1631
2 2576
2 1679
1 1577
1 2592
1 1728
2 797
2 2513
2 3017
1 1046
2 821
1 2790
1 3046
2 4046
2 1120
2 1412
1 2783
2 1876
1 2338
1 2807
2 103
2 3846
2 623
1 2820
1 987
2 2236
2 2216
2 4551
2 1844
1 2828
2 250
2 1442
2 647
1 1151
1 257
2 759
2 1395
2 597
2 4718
1 256
2 2900
1 2318
2 3916
1 2884
2 4166
1 2691
1 2136
2 3033
2 3690
1 978
2 1400
1 1630
2 4411
2 2705
2 2556
1 2532
1 2268
1 2022
2 3527
2 2230
2 2891
1 545
1 2995
2 3933
2 1477
2 218
2 311
2 4209
2 2895
1 2881
2 457
1 1305
1 2615
2 609
2 3004
1 2818
1 1081
1 3111
1 2422
1 1416
1 2609
2 471
2 944
1 133
1 2701
2 4986
2 598
1 689
1 1436
1 1693
1 1992
1 2477
2 4630
2 2329
1 1536
1 1817
2 1134
2 2994
2 4217
2 922
2 3217
2 2756
2 621
1 381
1 2312
1 48
2 1594
1 2257
2 3359
2 1429
2 4108
1 2767
1 2907
2 208
1 2006
1 700
1 320
1 301
2 4076
1 206
1 3204
1 802
1 1768
1 3104
1 1155
2 632
2 1093
1 271
1 137
2 1834
1 1374
2 4723
1 1756
1 918
2 955
2 4597
2 3660
2 2455
2 2263
2 1526
2 121
1 1485
2 1569
2 1652
2 382
2 1706
1 750
2 4718
2 4715
1 2165
1 1809
1 1406
2 1225
2 2413
2 1285
1 551
2 272
2 1291
1 2713
2 3329
2 2426
2 268
2 3557
1 226
2 4548
2 1395
2 1072
2 2736
2 186
1 1491
2 3360
1 569
1 2042
1 1614
1 1186
1 2442
2 3881
1 752
1 1836
1 1676
2 2713
2 4039
2 2047
1 1552
2 1492
2 2151
1 1408
1 1057
1 1054
2 4196
1 556
1 626
2 3319
2 4595
1 766
1 377
1 73
2 834
1 2662
2 2218
2 4489
2 296
1 1345
2 2877
2 4895
1 2453
2 129
1 1927
1 1320
1 2785
2 2805
1 925
1 1816
2 45
1 2843
1 2582
2 524
2 3006
2 2645
1 2040
2 4279
1 2263
1 1133
2 2690
2 3179
2 4836
2 2362
1 2088
1 2403
2 1016
1 2834
2 1888
2 970
2 2019
2 3691
1 2118
1 2627
2 2661
2 2729
2 625
1 588
1 1444
1 2437
2 4449
2 2225
1 2077
1 2451
2 3340
1 2548
1 1962
1 1380
1 3097
2 2922
2 4345
1 3027
1 1973
2 1312
2 1013
1 2428
1 940
1 486
1 1500
1 53
1 2751
1 2319
1 2716
2 2297
2 2298
2 1250
2 4364
1 2688
2 2889
2 4950
1 1276
2 3225
1 2799
1 1742
1 1110
2 3910
1 1251
1 3041
1 2056
1 9
1 2748
1 2108
1 1606
1 3157
1 281
2 347
2 1439
1 1518
1 288
2 4593
2 3997
2 3067
1 2469
1 2159
1 1411
2 3196
1 1677
1 2949
1 1249
2 861
2 4358
1 1554
1 2016
1 2096
2 4339
2 4994
2 3169
1 2693
1 1425
2 2484
1 914
2 2231
2 992
2 1718
2 1171
1 1096
2 891
2 3238
1 2011
1 1766
1 1904
1 2018
1 775
1 2863
2 390
1 2386
1 2971
2 4821
2 980
2 1898
1 3002
2 73
2 4914
2 3490
1 2340
1 491
1 1336
2 2388
2 3988
1 1835
2 1371
2 253
2 2707
1 719
1 1675
2 1845
2 2949
1 2245
1 1290
2 172
1 3082
1 1733
1 1111
1 1954
2 983
2 4032
1 1661
1 536
1 1583
2 4998
2 2051
2 331
2 2468
1 126
1 898
1 2120
1 2845
1 2943
2 1329
2 4553
2 1643
2 3862
2 756
1 2620
2 3139
2 776
1 819
2 3448
1 2554
1 655
2 1807
2 227
2 2169
2 4027
2 4962
2 2033
1 1463
2 614
1 2144
2 2494
2 1083
1 1178
2 4852
1 3037
2 4530
2 499
2 4224
1 3084
2 3420
1 2001
1 1307
1 2385
1 2972
1 2643
1 1774
2 2850
1 1291
2 3590
2 168
2 3846
1 2804
1 3108
2 4635
1 2302
1 2822
1 1910
1 1234
2 1495
1 2635
1 523
1 2671
1 1069
2 4422
2 1277
1 1658
2 3768
1 2714
1 1678
1 474
1 1450
2 3225
2 144
1 2125
1 846
1 2769
1 2996
1 2305
2 2435
1 1288
1 3005
1 3054
2 1963
2 3051
1 1666
2 4390
1 973
2 879
1 2449
2 3949
2 2450
2 127
1 1885
1 3123
1 1413
1 2151
1 1274
2 1057
2 1449
1 1206
2 1461
2 2334
1 2511
2 777
1 1759
2 1394
2 1361
1 3110
1 19
2 2850
2 1931
2 1675
2 1154
1 2561
1 2167
1 2841
2 102
1 919
2 31
1 389
2 3467
2 362
2 4770
2 540
1 2081
1 1462
2 4736
2 601
2 4642
1 1333
1 2089
1 1113
1 825
2 3109
1 2740
2 3183
1 93
2 4285
1 2721
1 1669
1 2552
2 2451
1 2873
1 2709
2 868
2 2932
2 3030
2 2723
2 91
1 11
1 2749
2 3071
1 1784
1 1415
1 1507
2 4985
1 707
2 3668
2 4496
1 3184
2 433
2 4435
2 746
1 731
1 463
1 3031
2 1854
1 1143
1 1528
1 777
1 2792
2 2486
1 2642
2 3063
2 2527
1 3088
1 1214
2 3087
1 2351
1 833
1 2897
1 1890
1 1295
2 3279
2 2578
1 728
1 1205
1 2641
2 159
1 1921
1 2768
1 1468
2 2498
1 844
2 3643
2 4266
1 2950
1 2742
1 934
1 1216
2 3001
1 1905
2 3039
2 1222
2 2766
2 328
1 1
2 2746
1 348
1 2849
2 4142
1 2185
2 547
1 2658
2 4585
1 283
2 876
1 628
2 1341
2 1022
1 1965
1 1560
1 3200
2 181
2 3527
2 332
2 2312
1 488
1 1235
1 1561
1 2663
2 2637
1 1550
2 4391
2 2858
2 2785
2 369
2 1508
1 1935
2 1801
2 4697
2 4073
1 2898
1 2482
2 2319
1 1800
2 1612
2 344
1 223
1 1815
2 1526
1 2830
1 2575
1 2343
2 3662
1 2999
2 2417
2 537
1 1369
1 1062
2 235
2 2968
1 2090
1 3178
1 1617
1 1952
1 3185
2 4858
2 2340
1 2725
1 2066
2 3949
2 576
1 1439
2 642
1 3008
1 1901
2 841
2 1552
1 610
1 3044
2 3193
2 3171
1 1603
1 483
1 2391
1 2038
1 1930
1 2471
2 10
2 1500
2 84
1 2408
1 1807
2 2884
1 2632
1 2712
1 3051
1 1239
2 2135
2 3362
1 2358
2 137
1 1990
1 2370
2 3222
2 492
1 1366
1 128
1 767
2 106
2 1993
2 1765
1 2981
2 1253
2 3044
2 2391
2 1350
2 4376
2 1501
1 1172
1 2657
2 4250
1 2676
2 3158
1 2564
1 2279
1 2170
1 977
1 2590
2 1229
1 1010
2 1838
1 12
1 697
1 2966
2 3029
2 2436
2 11
1 56
2 2670
1 2937
1 462
1 222
2 4227
2 3587
2 1674
2 430
1 1501
1 888
2 447
1 2932
1 1342
2 1508
2 2613
2 3203
1 1424
2 3701
1 2447
1 2153
1 1247
2 2277
1 2960
2 3269
2 3039
1 1021
1 1870
2 4962
1 3001
1 18
2 523
1 2540
2 1304
1 2204
1 2831
1 1066
2 4467
2 1299
1 1533
1 1949
2 3237
1 2444
2 3021
1 2333
2 4123
2 2424
2 4968
1 3134
2 3212
1 1844
1 2524
2 190
1 2369
2 3985
2 4827
1 166
1 2573
2 3481
1 1414
1 2410
2 476
1 2679
1 842
1 1431
1 541
2 4630
2 3806
1 1099
2 2945
1 2880
2 400
2 2490
1 1052
2 2988
1 2059
1 2549
2 584
2 4515
1 106
2 262
1 2616
1 2545
2 4606
2 2918
2 4556
2 4672
1 31
2 2548
2 634
1 2015
1 103
1 607
1 2903
1 1355
1 2655
1 2064
1 921
1 865
2 384
2 1238
2 3769
2 3578
1 1240
2 4385
1 1388
2 2701
1 2612
1 2893
1 1091
1 1445
2 1773
2 3522
1 1123
2 1655
1 211
1 2316
2 170
2 4133
2 632
1 1549
2 3400
1 2354
2 2059
2 2533
2 4093
2 2227
2 4901
1 2080
2 3862
1 1195
2 2555
1 1522
1 1208
1 2109
2 949
2 3926
1 2909
2 2067
2 4867
1 406
2 2981
2 1391
1 995
1 383
1 1245
1 2308
1 1634
1 1833
2 4593
1 2764
2 1749
2 3947
2 1496
2 1909
2 2061
2 2618
2 3292
2 3965
2 468
2 3411
1 1747
1 764
1 2276
1 1797
1 1730
2 512
2 348
2 3271
2 4692
1 771
1 1989
2 2603
1 1830
2 1916
1 1397
2 1091
1 571
2 3657
2 606
1 1842
2 1632
1 2336
1 2814
1 1997
2 3901
2 3042
1 1451
2 2129
2 3924
1 1153
1 2750
1 3166
1 1771
1 3029
2 3533
1 1874
1 1487
2 1178
1 475
1 1427
1 2187
1 2504
2 3726
1 3201
1 2854
2 712
1 2514
2 4189
2 3475
1 1627
2 3979
1 2266
1 1716
1 2247
2 3531
2 4163
2 4752
1 822
2 484
1 1038
1 725
2 4255
2 473
2 293
1 2117
1 1269
2 1576
2 3026
2 3056
2 3104
1 3062
2 1327
2 3162
2 4348
2 2655
2 1991
2 222
1 1304
2 1154
1 2980
2 3334
2 1871
2 381
1 2905
1 1555
1 442
1 2928
1 2240
1 550
1 2123
2 2571
1 2883
2 3186
2 4034
1 841
1 1118
2 3238
2 3421
2 1360
2 3464
1 1350
2 1024
1 417
1 2435
2 2747
1 2492
2 2185
2 835
2 1801
1 2415
1 3
1 1848
1 881
1 2531
2 701
1 2904
2 2127
2 150
1 713
1 704
1 1371
2 3627
2 4630
2 4395
2 1706
2 4549
1 2977
1 55
1 1903
1 1850
1 812
1 1750
1 2890
1 1865
1 2184
2 1144
2 805
2 92
2 2341
1 1504
2 1316
2 2971
1 2013
1 2029
2 675
1 1362
1 2784
2 418
2 686
1 1858
1 189
1 1984
2 4683
2 4871
2 972
2 781
2 4784
1 3171
2 2685
1 1655
2 1098
1 878
1 2335
1 2868
2 932
2 3348
1 2121
1 1058
2 1202
2 4175
1 2434
2 3760
2 2164
1 1308
2 2235
1 676
2 2798
1 414
1 153
1 323
1 2100
1 1544
2 3784
1 1105
1 3126
1 3198
2 1441
1 1714
1 1599
1 2365
2 1485
2 2510
1 1198
2 3445
2 4763
2 4648
2 2457
1 2596
1 2915
2 4996
2 1889
1 2986
2 1283
2 425
2 3067
1 2186
2 734
2 2470
2 1377
1 1084
1 553
1 1493
1 3179
1 1788
1 3006
1 2174
2 3195
1 501
1 2965
1 3078
2 4558
1 2411
2 2176
2 3321
1 2736
1 1799
2 4709
2 4036
2 4993
2 4306
2 4938
2 812
1 2774
2 1056
1 2063
2 3939
2 4761
2 1201
1 2601
2 1462
2 4287
1 2405
2 157
2 4607
2 2004
1 2361
1 1868
1 933
1 3148
2 409
2 1366
2 340
1 3075
1 930
2 2346
1 2065
2 4208
2 3791
2 4566
2 2251
1 2143
2 4120
1 1162
2 1997
2 4571
1 39
2 2894
2 3550
2 37
1 1915
2 4269
1 782
1 3153
2 3408
2 360
1 1173
2 3857
2 717
1 723
1 2496
1 2179
1 1318
2 4830
2 735
2 179
2 3711
1 2326
1 1916
2 944
2 4759
2 2372
2 3748
1 2878
2 155
1 806
1 2953
1 691
1 2940
1 3112
2 2177
1 2055
1 3173
1 1261
2 3910
2 2619
2 2723
1 680
2 2308
1 2304
1 2631
2 2393
2 705
1 1999
1 1846
2 991
2 667
1 2892
1 497
2 2696
1 1793
1 2946
2 4467
1 2232
1 2651
2 934
2 3438
2 4967
2 1555
2 117
2 3522
1 101
2 3823
2 4749
1 2939
2 3828
1 2364
2 861
1 1925
2 2113
1 562
1 1219
1 472
1 1202
1 2565
2 4571
2 2963
1 2810
2 1859
1 267
2 4026
1 3180
2 1288
1 1104
1 882
1 1966
2 4220
2 4115
2 4865
2 2330
2 393
1 1452
1 1454
1 1525
2 2115
1 2521
2 3108
2 73
1 2646
2 4187
1 1866
1 2974
1 2760
1 1326
2 4990
1 1464
2 3161
1 630
1 1477
2 4601
2 2296
1 292
1 2603
1 1711
1 2824
2 1633
1 2166
1 3107
1 2380
2 876
1 1937
2 3528
1 2452
2 3829
1 2896
2 260
2 681
2 3509
1 2686
2 2001
1 2315
2 3719
2 927
1 453
2 886
1 2803
1 561
1 2805
1 1363
1 1690
2 4440
2 1810
1 1047
1 1067
2 868
2 4340
2 3585
1 34
2 4861
2 4550
1 2017
1 2933
1 2140
2 3952
2 1164
1 1849
1 1499
2 1022
1 2952
2 60
1 2446
2 2611
2 3326
1 2882
2 3530
1 2765
2 2485
2 536
2 4164
2 2590
1 2490
1 1977
1 2398
2 4613
2 2393
1 744
2 4710
1 798
2 1575
2 3806
2 3152
1 2816
2 1964
1 3087
1 1149
2 1871
1 3092
1 3181
1 1394
1 2891
1 89
1 3011
2 3643
2 2714
1 510
2 1985
1 2680
2 3169
1 1384
2 2339
2 960
1 1385
1 1988
2 1467
2 1089
1 1931
1 2005
1 632
1 706
2 2514
2 4396
1 1328
2 834
1 2467
1 1786
2 3857
1 2741
2 1364
2 3957
1 2150
2 523
1 1480
1 1570
1 397
1 1652
1 2290
2 1374
1 2936
1 10
1 3195
1 2997
2 4420
2 758
1 580
2 3164
1 1472
1 1389
2 162
1 1154
2 443
1 1527
2 3931
2 1246
1 947
1 2638
1 1805
1 1001
1 2116
1 105
2 3199
2 4304
2 4577
1 2043
2 1166
1 230
1 2034
1 2975
2 2581
2 1054
2 1472
1 2249
1 2827
2 2007
1 3094
2 418
1 1503
2 3643
1 2674
1 904
1 2383
1 1437
1 1685
1 1653
1 543
1 2877
1 210
2 1643
2 3707
1 2727
2 236
1 1204
1 2252
2 1273
1 1975
1 2605
2 4794
1 642
2 863
2 848
2 828
1 1541
1 2667
2 4858
1 1812
2 2204
2 4094
1 2523
1 2149
1 2058
2 3636
2 674
1 1486
2 3237
2 3266
2 702
1 13
1 2172
